  0.      42.      15.48    68.9634
   0.      42.      15.48    85.0884
   0.      42.      15.48    79.9284
   0.      42.      15.48    73.6074
   0.      42.      13.53    88.7634
   0.      42.      13.53    84.4929
   0.      42.      13.53    98.1804
   0.      42.      13.53    93.8004
   0.      42.      13.53    88.4349
   0.      42.      19.78    94.5484
   0.      42.      19.78    87.8404
   0.      42.      19.78   109.3404
   0.      42.      19.78   102.4604
   0.      42.      19.78    94.0324
   0.      42.      17.78   118.4284
   0.      42.      17.78   112.5004
   0.      42.      17.78   131.5004
   0.      42.      17.78   125.4204
   0.      42.      17.78   117.9724
   0.      37.      15.48    12.3324
  -5.      57.      15.48    97.4724
   0.      47.      15.48    69.0924
 -10.      57.      15.48    69.0924
  -5.      47.      15.48    40.7124
 -10.      47.      15.48    12.3324
   0.      37.      13.53    36.4224
   0.      47.      13.53    84.6024
 -10.      57.      13.53    84.6024
  -5.      47.      13.53    60.5124
 -10.      47.      13.53    36.4224
  -5.      37.      13.53    12.3324
   0.      37.      19.78    12.3324
  -5.      57.      19.78   125.8524
   0.      47.      19.78    88.0124
 -10.      57.      19.78    88.0124
  -5.      47.      19.78    50.1724
 -10.      47.      19.78    12.3324
   0.      37.      17.78    45.7724
   0.      47.      17.78   112.6524
 -10.      57.      17.78   112.6524
  -5.      47.      17.78    79.2124
 -10.      47.      17.78    45.7724
  -5.      37.      17.78    12.3324
  -5.      47.      15.33    96.4824
   0.      37.      15.33    68.4324
 -10.      47.      15.33    68.4324
  -5.      37.      15.33    40.3824
 -10.      37.      15.33    12.3324
   0.      42.      15.48    72.9882
   0.      42.      15.48    76.2132
   0.      42.      15.48    75.1812
   0.      42.      15.48    73.917 
   0.      42.      15.09    76.9482
   0.      42.      15.09    76.0941
   0.      42.      15.09    78.8316
   0.      42.      15.09    77.9556
   0.      42.      15.09    76.8825
   0.      42.      16.34    78.1052
   0.      42.      16.34    76.7636
   0.      42.      16.34    81.0636
   0.      42.      16.34    79.6876
   0.      42.      16.34    78.002 
   0.      42.      15.94    82.8812
   0.      42.      15.94    81.6956
   0.      42.      15.94    85.4956
   0.      42.      15.94    84.2796
   0.      42.      15.94    82.79  
   0.      41.      15.48    61.662 
  -1.      45.      15.48    78.69  
   0.      43.      15.48    73.014 
  -2.      45.      15.48    73.014 
  -1.      43.      15.48    67.338 
  -2.      43.      15.48    61.662 
   0.      41.      15.09    66.48  
   0.      43.      15.09    76.116 
  -2.      45.      15.09    76.116 
  -1.      43.      15.09    71.298 
  -2.      43.      15.09    66.48  
  -1.      41.      15.09    61.662 
   0.      41.      16.34    61.662 
  -1.      45.      16.34    84.366 
   0.      43.      16.34    76.798 
  -2.      45.      16.34    76.798 
  -1.      43.      16.34    69.23  
  -2.      43.      16.34    61.662 
   0.      41.      15.94    68.35  
   0.      43.      15.94    81.726 
  -2.      45.      15.94    81.726 
  -1.      43.      15.94    75.038 
  -2.      43.      15.94    68.35  
  -1.      41.      15.94    61.662 
  -1.      43.      15.45    78.492 
   0.      41.      15.45    72.882 
  -2.      43.      15.45    72.882 
  -1.      41.      15.45    67.272 
  -2.      41.      15.45    61.662 
   0.      42.      15.48    84.0822
   0.      42.      15.48    78.9222
   0.      42.      15.48    72.6012
   0.      42.      13.53    87.7572
   0.      42.      13.53    83.4867
   0.      42.      13.53    97.1742
   0.      42.      13.53    92.7942
   0.      42.      13.53    87.4287
   0.      42.      19.78    93.5422
   0.      42.      19.78    86.8342
   0.      42.      19.78   108.3342
   0.      42.      19.78   101.4542
   0.      42.      19.78    93.0262
   0.      42.      17.78   117.4222
   0.      42.      17.78   111.4942
   0.      42.      17.78   130.4942
   0.      42.      17.78   124.4142
   0.      42.      17.78   116.9662
   0.      37.      15.48    11.3262
  -5.      57.      15.48    96.4662
   0.      47.      15.48    68.0862
 -10.      57.      15.48    68.0862
  -5.      47.      15.48    39.7062
 -10.      47.      15.48    11.3262
   0.      37.      13.53    35.4162
   0.      47.      13.53    83.5962
 -10.      57.      13.53    83.5962
  -5.      47.      13.53    59.5062
 -10.      47.      13.53    35.4162
  -5.      37.      13.53    11.3262
   0.      37.      19.78    11.3262
  -5.      57.      19.78   124.8462
   0.      47.      19.78    87.0062
 -10.      57.      19.78    87.0062
  -5.      47.      19.78    49.1662
 -10.      47.      19.78    11.3262
   0.      37.      17.78    44.7662
   0.      47.      17.78   111.6462
 -10.      57.      17.78   111.6462
  -5.      47.      17.78    78.2062
 -10.      47.      17.78    44.7662
  -5.      37.      17.78    11.3262
  -5.      47.      15.33    95.4762
   0.      37.      15.33    67.4262
 -10.      47.      15.33    67.4262
  -5.      37.      15.33    39.3762
 -10.      37.      15.33    11.3262
   0.      42.      15.48    71.1822
   0.      42.      15.48    70.1502
   0.      42.      15.48    68.886 
   0.      42.      15.09    71.9172
   0.      42.      15.09    71.0631
   0.      42.      15.09    73.8006
   0.      42.      15.09    72.9246
   0.      42.      15.09    71.8515
   0.      42.      16.34    73.0742
   0.      42.      16.34    71.7326
   0.      42.      16.34    76.0326
   0.      42.      16.34    74.6566
   0.      42.      16.34    72.971 
   0.      42.      15.94    77.8502
   0.      42.      15.94    76.6646
   0.      42.      15.94    80.4646
   0.      42.      15.94    79.2486
   0.      42.      15.94    77.759 
   0.      41.      15.48    56.631 
  -1.      45.      15.48    73.659 
   0.      43.      15.48    67.983 
  -2.      45.      15.48    67.983 
  -1.      43.      15.48    62.307 
  -2.      43.      15.48    56.631 
   0.      41.      15.09    61.449 
   0.      43.      15.09    71.085 
  -2.      45.      15.09    71.085 
  -1.      43.      15.09    66.267 
  -2.      43.      15.09    61.449 
  -1.      41.      15.09    56.631 
   0.      41.      16.34    56.631 
  -1.      45.      16.34    79.335 
   0.      43.      16.34    71.767 
  -2.      45.      16.34    71.767 
  -1.      43.      16.34    64.199 
  -2.      43.      16.34    56.631 
   0.      41.      15.94    63.319 
   0.      43.      15.94    76.695 
  -2.      45.      15.94    76.695 
  -1.      43.      15.94    70.007 
  -2.      43.      15.94    63.319 
  -1.      41.      15.94    56.631 
  -1.      43.      15.45    73.461 
   0.      41.      15.45    67.851 
  -2.      43.      15.45    67.851 
  -1.      41.      15.45    62.241 
  -2.      41.      15.45    56.631 
   0.      42.      15.48    82.1472
   0.      42.      15.48    75.8262
   0.      42.      13.53    90.9822
   0.      42.      13.53    86.7117
   0.      42.      13.53   100.3992
   0.      42.      13.53    96.0192
   0.      42.      13.53    90.6537
   0.      42.      19.78    96.7672
   0.      42.      19.78    90.0592
   0.      42.      19.78   111.5592
   0.      42.      19.78   104.6792
   0.      42.      19.78    96.2512
   0.      42.      17.78   120.6472
   0.      42.      17.78   114.7192
   0.      42.      17.78   133.7192
   0.      42.      17.78   127.6392
   0.      42.      17.78   120.1912
   0.      37.      15.48    14.5512
  -5.      57.      15.48    99.6912
   0.      47.      15.48    71.3112
 -10.      57.      15.48    71.3112
  -5.      47.      15.48    42.9312
 -10.      47.      15.48    14.5512
   0.      37.      13.53    38.6412
   0.      47.      13.53    86.8212
 -10.      57.      13.53    86.8212
  -5.      47.      13.53    62.7312
 -10.      47.      13.53    38.6412
  -5.      37.      13.53    14.5512
   0.      37.      19.78    14.5512
  -5.      57.      19.78   128.0712
   0.      47.      19.78    90.2312
 -10.      57.      19.78    90.2312
  -5.      47.      19.78    52.3912
 -10.      47.      19.78    14.5512
   0.      37.      17.78    47.9912
   0.      47.      17.78   114.8712
 -10.      57.      17.78   114.8712
  -5.      47.      17.78    81.4312
 -10.      47.      17.78    47.9912
  -5.      37.      17.78    14.5512
  -5.      47.      15.33    98.7012
   0.      37.      15.33    70.6512
 -10.      47.      15.33    70.6512
  -5.      37.      15.33    42.6012
 -10.      37.      15.33    14.5512
   0.      42.      15.48    86.2752
   0.      42.      15.48    85.011 
   0.      42.      15.09    88.0422
   0.      42.      15.09    87.1881
   0.      42.      15.09    89.9256
   0.      42.      15.09    89.0496
   0.      42.      15.09    87.9765
   0.      42.      16.34    89.1992
   0.      42.      16.34    87.8576
   0.      42.      16.34    92.1576
   0.      42.      16.34    90.7816
   0.      42.      16.34    89.096 
   0.      42.      15.94    93.9752
   0.      42.      15.94    92.7896
   0.      42.      15.94    96.5896
   0.      42.      15.94    95.3736
   0.      42.      15.94    93.884 
   0.      41.      15.48    72.756 
  -1.      45.      15.48    89.784 
   0.      43.      15.48    84.108 
  -2.      45.      15.48    84.108 
  -1.      43.      15.48    78.432 
  -2.      43.      15.48    72.756 
   0.      41.      15.09    77.574 
   0.      43.      15.09    87.21  
  -2.      45.      15.09    87.21  
  -1.      43.      15.09    82.392 
  -2.      43.      15.09    77.574 
  -1.      41.      15.09    72.756 
   0.      41.      16.34    72.756 
  -1.      45.      16.34    95.46  
   0.      43.      16.34    87.892 
  -2.      45.      16.34    87.892 
  -1.      43.      16.34    80.324 
  -2.      43.      16.34    72.756 
   0.      41.      15.94    79.444 
   0.      43.      15.94    92.82  
  -2.      45.      15.94    92.82  
  -1.      43.      15.94    86.132 
  -2.      43.      15.94    79.444 
  -1.      41.      15.94    72.756 
  -1.      43.      15.45    89.586 
   0.      41.      15.45    83.976 
  -2.      43.      15.45    83.976 
  -1.      41.      15.45    78.366 
  -2.      41.      15.45    72.756 
   0.      42.      15.48    74.7942
   0.      42.      13.53    89.9502
   0.      42.      13.53    85.6797
   0.      42.      13.53    99.3672
   0.      42.      13.53    94.9872
   0.      42.      13.53    89.6217
   0.      42.      19.78    95.7352
   0.      42.      19.78    89.0272
   0.      42.      19.78   110.5272
   0.      42.      19.78   103.6472
   0.      42.      19.78    95.2192
   0.      42.      17.78   119.6152
   0.      42.      17.78   113.6872
   0.      42.      17.78   132.6872
   0.      42.      17.78   126.6072
   0.      42.      17.78   119.1592
   0.      37.      15.48    13.5192
  -5.      57.      15.48    98.6592
   0.      47.      15.48    70.2792
 -10.      57.      15.48    70.2792
  -5.      47.      15.48    41.8992
 -10.      47.      15.48    13.5192
   0.      37.      13.53    37.6092
   0.      47.      13.53    85.7892
 -10.      57.      13.53    85.7892
  -5.      47.      13.53    61.6992
 -10.      47.      13.53    37.6092
  -5.      37.      13.53    13.5192
   0.      37.      19.78    13.5192
  -5.      57.      19.78   127.0392
   0.      47.      19.78    89.1992
 -10.      57.      19.78    89.1992
  -5.      47.      19.78    51.3592
 -10.      47.      19.78    13.5192
   0.      37.      17.78    46.9592
   0.      47.      17.78   113.8392
 -10.      57.      17.78   113.8392
  -5.      47.      17.78    80.3992
 -10.      47.      17.78    46.9592
  -5.      37.      17.78    13.5192
  -5.      47.      15.33    97.6692
   0.      37.      15.33    69.6192
 -10.      47.      15.33    69.6192
  -5.      37.      15.33    41.5692
 -10.      37.      15.33    13.5192
   0.      42.      15.48    79.851 
   0.      42.      15.09    82.8822
   0.      42.      15.09    82.0281
   0.      42.      15.09    84.7656
   0.      42.      15.09    83.8896
   0.      42.      15.09    82.8165
   0.      42.      16.34    84.0392
   0.      42.      16.34    82.6976
   0.      42.      16.34    86.9976
   0.      42.      16.34    85.6216
   0.      42.      16.34    83.936 
   0.      42.      15.94    88.8152
   0.      42.      15.94    87.6296
   0.      42.      15.94    91.4296
   0.      42.      15.94    90.2136
   0.      42.      15.94    88.724 
   0.      41.      15.48    67.596 
  -1.      45.      15.48    84.624 
   0.      43.      15.48    78.948 
  -2.      45.      15.48    78.948 
  -1.      43.      15.48    73.272 
  -2.      43.      15.48    67.596 
   0.      41.      15.09    72.414 
   0.      43.      15.09    82.05  
  -2.      45.      15.09    82.05  
  -1.      43.      15.09    77.232 
  -2.      43.      15.09    72.414 
  -1.      41.      15.09    67.596 
   0.      41.      16.34    67.596 
  -1.      45.      16.34    90.3   
   0.      43.      16.34    82.732 
  -2.      45.      16.34    82.732 
  -1.      43.      16.34    75.164 
  -2.      43.      16.34    67.596 
   0.      41.      15.94    74.284 
   0.      43.      15.94    87.66  
  -2.      45.      15.94    87.66  
  -1.      43.      15.94    80.972 
  -2.      43.      15.94    74.284 
  -1.      41.      15.94    67.596 
  -1.      43.      15.45    84.426 
   0.      41.      15.45    78.816 
  -2.      43.      15.45    78.816 
  -1.      41.      15.45    73.206 
  -2.      41.      15.45    67.596 
   0.      42.      13.53    88.686 
   0.      42.      13.53    84.4155
   0.      42.      13.53    98.103 
   0.      42.      13.53    93.723 
   0.      42.      13.53    88.3575
   0.      42.      19.78    94.471 
   0.      42.      19.78    87.763 
   0.      42.      19.78   109.263 
   0.      42.      19.78   102.383 
   0.      42.      19.78    93.955 
   0.      42.      17.78   118.351 
   0.      42.      17.78   112.423 
   0.      42.      17.78   131.423 
   0.      42.      17.78   125.343 
   0.      42.      17.78   117.895 
   0.      37.      15.48    12.255 
  -5.      57.      15.48    97.395 
   0.      47.      15.48    69.015 
 -10.      57.      15.48    69.015 
  -5.      47.      15.48    40.635 
 -10.      47.      15.48    12.255 
   0.      37.      13.53    36.345 
   0.      47.      13.53    84.525 
 -10.      57.      13.53    84.525 
  -5.      47.      13.53    60.435 
 -10.      47.      13.53    36.345 
  -5.      37.      13.53    12.255 
   0.      37.      19.78    12.255 
  -5.      57.      19.78   125.775 
   0.      47.      19.78    87.935 
 -10.      57.      19.78    87.935 
  -5.      47.      19.78    50.095 
 -10.      47.      19.78    12.255 
   0.      37.      17.78    45.695 
   0.      47.      17.78   112.575 
 -10.      57.      17.78   112.575 
  -5.      47.      17.78    79.135 
 -10.      47.      17.78    45.695 
  -5.      37.      17.78    12.255 
  -5.      47.      15.33    96.405 
   0.      37.      15.33    68.355 
 -10.      47.      15.33    68.355 
  -5.      37.      15.33    40.305 
 -10.      37.      15.33    12.255 
   0.      42.      15.09    76.5612
   0.      42.      15.09    75.7071
   0.      42.      15.09    78.4446
   0.      42.      15.09    77.5686
   0.      42.      15.09    76.4955
   0.      42.      16.34    77.7182
   0.      42.      16.34    76.3766
   0.      42.      16.34    80.6766
   0.      42.      16.34    79.3006
   0.      42.      16.34    77.615 
   0.      42.      15.94    82.4942
   0.      42.      15.94    81.3086
   0.      42.      15.94    85.1086
   0.      42.      15.94    83.8926
   0.      42.      15.94    82.403 
   0.      41.      15.48    61.275 
  -1.      45.      15.48    78.303 
   0.      43.      15.48    72.627 
  -2.      45.      15.48    72.627 
  -1.      43.      15.48    66.951 
  -2.      43.      15.48    61.275 
   0.      41.      15.09    66.093 
   0.      43.      15.09    75.729 
  -2.      45.      15.09    75.729 
  -1.      43.      15.09    70.911 
  -2.      43.      15.09    66.093 
  -1.      41.      15.09    61.275 
   0.      41.      16.34    61.275 
  -1.      45.      16.34    83.979 
   0.      43.      16.34    76.411 
  -2.      45.      16.34    76.411 
  -1.      43.      16.34    68.843 
  -2.      43.      16.34    61.275 
   0.      41.      15.94    67.963 
   0.      43.      15.94    81.339 
  -2.      45.      15.94    81.339 
  -1.      43.      15.94    74.651 
  -2.      43.      15.94    67.963 
  -1.      41.      15.94    61.275 
  -1.      43.      15.45    78.105 
   0.      41.      15.45    72.495 
  -2.      43.      15.45    72.495 
  -1.      41.      15.45    66.885 
  -2.      41.      15.45    61.275 
   0.      42.      13.14    87.4467
   0.      42.      13.14   101.1342
   0.      42.      13.14    96.7542
   0.      42.      13.14    91.3887
   0.      42.      19.39    97.5022
   0.      42.      19.39    90.7942
   0.      42.      19.39   112.2942
   0.      42.      19.39   105.4142
   0.      42.      19.39    96.9862
   0.      42.      17.39   121.3822
   0.      42.      17.39   115.4542
   0.      42.      17.39   134.4542
   0.      42.      17.39   128.3742
   0.      42.      17.39   120.9262
   0.      37.      15.09    15.2862
  -5.      57.      15.09   100.4262
   0.      47.      15.09    72.0462
 -10.      57.      15.09    72.0462
  -5.      47.      15.09    43.6662
 -10.      47.      15.09    15.2862
   0.      37.      13.14    39.3762
   0.      47.      13.14    87.5562
 -10.      57.      13.14    87.5562
  -5.      47.      13.14    63.4662
 -10.      47.      13.14    39.3762
  -5.      37.      13.14    15.2862
   0.      37.      19.39    15.2862
  -5.      57.      19.39   128.8062
   0.      47.      19.39    90.9662
 -10.      57.      19.39    90.9662
  -5.      47.      19.39    53.1262
 -10.      47.      19.39    15.2862
   0.      37.      17.39    48.7262
   0.      47.      17.39   115.6062
 -10.      57.      17.39   115.6062
  -5.      47.      17.39    82.1662
 -10.      47.      17.39    48.7262
  -5.      37.      17.39    15.2862
  -5.      47.      14.94    99.4362
   0.      37.      14.94    71.3862
 -10.      47.      14.94    71.3862
  -5.      37.      14.94    43.3362
 -10.      37.      14.94    15.2862
   0.      42.      13.14    90.8631
   0.      42.      13.14    93.6006
   0.      42.      13.14    92.7246
   0.      42.      13.14    91.6515
   0.      42.      14.39    92.8742
   0.      42.      14.39    91.5326
   0.      42.      14.39    95.8326
   0.      42.      14.39    94.4566
   0.      42.      14.39    92.771 
   0.      42.      13.99    97.6502
   0.      42.      13.99    96.4646
   0.      42.      13.99   100.2646
   0.      42.      13.99    99.0486
   0.      42.      13.99    97.559 
   0.      41.      13.53    76.431 
  -1.      45.      13.53    93.459 
   0.      43.      13.53    87.783 
  -2.      45.      13.53    87.783 
  -1.      43.      13.53    82.107 
  -2.      43.      13.53    76.431 
   0.      41.      13.14    81.249 
   0.      43.      13.14    90.885 
  -2.      45.      13.14    90.885 
  -1.      43.      13.14    86.067 
  -2.      43.      13.14    81.249 
  -1.      41.      13.14    76.431 
   0.      41.      14.39    76.431 
  -1.      45.      14.39    99.135 
   0.      43.      14.39    91.567 
  -2.      45.      14.39    91.567 
  -1.      43.      14.39    83.999 
  -2.      43.      14.39    76.431 
   0.      41.      13.99    83.119 
   0.      43.      13.99    96.495 
  -2.      45.      13.99    96.495 
  -1.      43.      13.99    89.807 
  -2.      43.      13.99    83.119 
  -1.      41.      13.99    76.431 
  -1.      43.      13.5     93.261 
   0.      41.      13.5     87.651 
  -2.      43.      13.5     87.651 
  -1.      41.      13.5     82.041 
  -2.      41.      13.5     76.431 
   0.      42.      13.14   100.2801
   0.      42.      13.14    95.9001
   0.      42.      13.14    90.5346
   0.      42.      19.39    96.6481
   0.      42.      19.39    89.9401
   0.      42.      19.39   111.4401
   0.      42.      19.39   104.5601
   0.      42.      19.39    96.1321
   0.      42.      17.39   120.5281
   0.      42.      17.39   114.6001
   0.      42.      17.39   133.6001
   0.      42.      17.39   127.5201
   0.      42.      17.39   120.0721
   0.      37.      15.09    14.4321
  -5.      57.      15.09    99.5721
   0.      47.      15.09    71.1921
 -10.      57.      15.09    71.1921
  -5.      47.      15.09    42.8121
 -10.      47.      15.09    14.4321
   0.      37.      13.14    38.5221
   0.      47.      13.14    86.7021
 -10.      57.      13.14    86.7021
  -5.      47.      13.14    62.6121
 -10.      47.      13.14    38.5221
  -5.      37.      13.14    14.4321
   0.      37.      19.39    14.4321
  -5.      57.      19.39   127.9521
   0.      47.      19.39    90.1121
 -10.      57.      19.39    90.1121
  -5.      47.      19.39    52.2721
 -10.      47.      19.39    14.4321
   0.      37.      17.39    47.8721
   0.      47.      17.39   114.7521
 -10.      57.      17.39   114.7521
  -5.      47.      17.39    81.3121
 -10.      47.      17.39    47.8721
  -5.      37.      17.39    14.4321
  -5.      47.      14.94    98.5821
   0.      37.      14.94    70.5321
 -10.      47.      14.94    70.5321
  -5.      37.      14.94    42.4821
 -10.      37.      14.94    14.4321
   0.      42.      13.14    89.3301
   0.      42.      13.14    88.4541
   0.      42.      13.14    87.381 
   0.      42.      14.39    88.6037
   0.      42.      14.39    87.2621
   0.      42.      14.39    91.5621
   0.      42.      14.39    90.1861
   0.      42.      14.39    88.5005
   0.      42.      13.99    93.3797
   0.      42.      13.99    92.1941
   0.      42.      13.99    95.9941
   0.      42.      13.99    94.7781
   0.      42.      13.99    93.2885
   0.      41.      13.53    72.1605
  -1.      45.      13.53    89.1885
   0.      43.      13.53    83.5125
  -2.      45.      13.53    83.5125
  -1.      43.      13.53    77.8365
  -2.      43.      13.53    72.1605
   0.      41.      13.14    76.9785
   0.      43.      13.14    86.6145
  -2.      45.      13.14    86.6145
  -1.      43.      13.14    81.7965
  -2.      43.      13.14    76.9785
  -1.      41.      13.14    72.1605
   0.      41.      14.39    72.1605
  -1.      45.      14.39    94.8645
   0.      43.      14.39    87.2965
  -2.      45.      14.39    87.2965
  -1.      43.      14.39    79.7285
  -2.      43.      14.39    72.1605
   0.      41.      13.99    78.8485
   0.      43.      13.99    92.2245
  -2.      45.      13.99    92.2245
  -1.      43.      13.99    85.5365
  -2.      43.      13.99    78.8485
  -1.      41.      13.99    72.1605
  -1.      43.      13.5     88.9905
   0.      41.      13.5     83.3805
  -2.      43.      13.5     83.3805
  -1.      41.      13.5     77.7705
  -2.      41.      13.5     72.1605
   0.      42.      13.14    98.6376
   0.      42.      13.14    93.2721
   0.      42.      19.39    99.3856
   0.      42.      19.39    92.6776
   0.      42.      19.39   114.1776
   0.      42.      19.39   107.2976
   0.      42.      19.39    98.8696
   0.      42.      17.39   123.2656
   0.      42.      17.39   117.3376
   0.      42.      17.39   136.3376
   0.      42.      17.39   130.2576
   0.      42.      17.39   122.8096
   0.      37.      15.09    17.1696
  -5.      57.      15.09   102.3096
   0.      47.      15.09    73.9296
 -10.      57.      15.09    73.9296
  -5.      47.      15.09    45.5496
 -10.      47.      15.09    17.1696
   0.      37.      13.14    41.2596
   0.      47.      13.14    89.4396
 -10.      57.      13.14    89.4396
  -5.      47.      13.14    65.3496
 -10.      47.      13.14    41.2596
  -5.      37.      13.14    17.1696
   0.      37.      19.39    17.1696
  -5.      57.      19.39   130.6896
   0.      47.      19.39    92.8496
 -10.      57.      19.39    92.8496
  -5.      47.      19.39    55.0096
 -10.      47.      19.39    17.1696
   0.      37.      17.39    50.6096
   0.      47.      17.39   117.4896
 -10.      57.      17.39   117.4896
  -5.      47.      17.39    84.0496
 -10.      47.      17.39    50.6096
  -5.      37.      17.39    17.1696
  -5.      47.      14.94   101.3196
   0.      37.      14.94    73.2696
 -10.      47.      14.94    73.2696
  -5.      37.      14.94    45.2196
 -10.      37.      14.94    17.1696
   0.      42.      13.14   102.1416
   0.      42.      13.14   101.0685
   0.      42.      14.39   102.2912
   0.      42.      14.39   100.9496
   0.      42.      14.39   105.2496
   0.      42.      14.39   103.8736
   0.      42.      14.39   102.188 
   0.      42.      13.99   107.0672
   0.      42.      13.99   105.8816
   0.      42.      13.99   109.6816
   0.      42.      13.99   108.4656
   0.      42.      13.99   106.976 
   0.      41.      13.53    85.848 
  -1.      45.      13.53   102.876 
   0.      43.      13.53    97.2   
  -2.      45.      13.53    97.2   
  -1.      43.      13.53    91.524 
  -2.      43.      13.53    85.848 
   0.      41.      13.14    90.666 
   0.      43.      13.14   100.302 
  -2.      45.      13.14   100.302 
  -1.      43.      13.14    95.484 
  -2.      43.      13.14    90.666 
  -1.      41.      13.14    85.848 
   0.      41.      14.39    85.848 
  -1.      45.      14.39   108.552 
   0.      43.      14.39   100.984 
  -2.      45.      14.39   100.984 
  -1.      43.      14.39    93.416 
  -2.      43.      14.39    85.848 
   0.      41.      13.99    92.536 
   0.      43.      13.99   105.912 
  -2.      45.      13.99   105.912 
  -1.      43.      13.99    99.224 
  -2.      43.      13.99    92.536 
  -1.      41.      13.99    85.848 
  -1.      43.      13.5    102.678 
   0.      41.      13.5     97.068 
  -2.      43.      13.5     97.068 
  -1.      41.      13.5     91.458 
  -2.      41.      13.5     85.848 
   0.      42.      13.14    92.3961
   0.      42.      19.39    98.5096
   0.      42.      19.39    91.8016
   0.      42.      19.39   113.3016
   0.      42.      19.39   106.4216
   0.      42.      19.39    97.9936
   0.      42.      17.39   122.3896
   0.      42.      17.39   116.4616
   0.      42.      17.39   135.4616
   0.      42.      17.39   129.3816
   0.      42.      17.39   121.9336
   0.      37.      15.09    16.2936
  -5.      57.      15.09   101.4336
   0.      47.      15.09    73.0536
 -10.      57.      15.09    73.0536
  -5.      47.      15.09    44.6736
 -10.      47.      15.09    16.2936
   0.      37.      13.14    40.3836
   0.      47.      13.14    88.5636
 -10.      57.      13.14    88.5636
  -5.      47.      13.14    64.4736
 -10.      47.      13.14    40.3836
  -5.      37.      13.14    16.2936
   0.      37.      19.39    16.2936
  -5.      57.      19.39   129.8136
   0.      47.      19.39    91.9736
 -10.      57.      19.39    91.9736
  -5.      47.      19.39    54.1336
 -10.      47.      19.39    16.2936
   0.      37.      17.39    49.7336
   0.      47.      17.39   116.6136
 -10.      57.      17.39   116.6136
  -5.      47.      17.39    83.1736
 -10.      47.      17.39    49.7336
  -5.      37.      17.39    16.2936
  -5.      47.      14.94   100.4436
   0.      37.      14.94    72.3936
 -10.      47.      14.94    72.3936
  -5.      37.      14.94    44.3436
 -10.      37.      14.94    16.2936
   0.      42.      13.14    96.6885
   0.      42.      14.39    97.9112
   0.      42.      14.39    96.5696
   0.      42.      14.39   100.8696
   0.      42.      14.39    99.4936
   0.      42.      14.39    97.808 
   0.      42.      13.99   102.6872
   0.      42.      13.99   101.5016
   0.      42.      13.99   105.3016
   0.      42.      13.99   104.0856
   0.      42.      13.99   102.596 
   0.      41.      13.53    81.468 
  -1.      45.      13.53    98.496 
   0.      43.      13.53    92.82  
  -2.      45.      13.53    92.82  
  -1.      43.      13.53    87.144 
  -2.      43.      13.53    81.468 
   0.      41.      13.14    86.286 
   0.      43.      13.14    95.922 
  -2.      45.      13.14    95.922 
  -1.      43.      13.14    91.104 
  -2.      43.      13.14    86.286 
  -1.      41.      13.14    81.468 
   0.      41.      14.39    81.468 
  -1.      45.      14.39   104.172 
   0.      43.      14.39    96.604 
  -2.      45.      14.39    96.604 
  -1.      43.      14.39    89.036 
  -2.      43.      14.39    81.468 
   0.      41.      13.99    88.156 
   0.      43.      13.99   101.532 
  -2.      45.      13.99   101.532 
  -1.      43.      13.99    94.844 
  -2.      43.      13.99    88.156 
  -1.      41.      13.99    81.468 
  -1.      43.      13.5     98.298 
   0.      41.      13.5     92.688 
  -2.      43.      13.5     92.688 
  -1.      41.      13.5     87.078 
  -2.      41.      13.5     81.468 
   0.      42.      19.39    97.4365
   0.      42.      19.39    90.7285
   0.      42.      19.39   112.2285
   0.      42.      19.39   105.3485
   0.      42.      19.39    96.9205
   0.      42.      17.39   121.3165
   0.      42.      17.39   115.3885
   0.      42.      17.39   134.3885
   0.      42.      17.39   128.3085
   0.      42.      17.39   120.8605
   0.      37.      15.09    15.2205
  -5.      57.      15.09   100.3605
   0.      47.      15.09    71.9805
 -10.      57.      15.09    71.9805
  -5.      47.      15.09    43.6005
 -10.      47.      15.09    15.2205
   0.      37.      13.14    39.3105
   0.      47.      13.14    87.4905
 -10.      57.      13.14    87.4905
  -5.      47.      13.14    63.4005
 -10.      47.      13.14    39.3105
  -5.      37.      13.14    15.2205
   0.      37.      19.39    15.2205
  -5.      57.      19.39   128.7405
   0.      47.      19.39    90.9005
 -10.      57.      19.39    90.9005
  -5.      47.      19.39    53.0605
 -10.      47.      19.39    15.2205
   0.      37.      17.39    48.6605
   0.      47.      17.39   115.5405
 -10.      57.      17.39   115.5405
  -5.      47.      17.39    82.1005
 -10.      47.      17.39    48.6605
  -5.      37.      17.39    15.2205
  -5.      47.      14.94    99.3705
   0.      37.      14.94    71.3205
 -10.      47.      14.94    71.3205
  -5.      37.      14.94    43.2705
 -10.      37.      14.94    15.2205
   0.      42.      14.39    92.5457
   0.      42.      14.39    91.2041
   0.      42.      14.39    95.5041
   0.      42.      14.39    94.1281
   0.      42.      14.39    92.4425
   0.      42.      13.99    97.3217
   0.      42.      13.99    96.1361
   0.      42.      13.99    99.9361
   0.      42.      13.99    98.7201
   0.      42.      13.99    97.2305
   0.      41.      13.53    76.1025
  -1.      45.      13.53    93.1305
   0.      43.      13.53    87.4545
  -2.      45.      13.53    87.4545
  -1.      43.      13.53    81.7785
  -2.      43.      13.53    76.1025
   0.      41.      13.14    80.9205
   0.      43.      13.14    90.5565
  -2.      45.      13.14    90.5565
  -1.      43.      13.14    85.7385
  -2.      43.      13.14    80.9205
  -1.      41.      13.14    76.1025
   0.      41.      14.39    76.1025
  -1.      45.      14.39    98.8065
   0.      43.      14.39    91.2385
  -2.      45.      14.39    91.2385
  -1.      43.      14.39    83.6705
  -2.      43.      14.39    76.1025
   0.      41.      13.99    82.7905
   0.      43.      13.99    96.1665
  -2.      45.      13.99    96.1665
  -1.      43.      13.99    89.4785
  -2.      43.      13.99    82.7905
  -1.      41.      13.99    76.1025
  -1.      43.      13.5     92.9325
   0.      41.      13.5     87.3225
  -2.      43.      13.5     87.3225
  -1.      41.      13.5     81.7125
  -2.      41.      13.5     76.1025
   0.      42.      20.64    91.9512
   0.      42.      20.64   113.4512
   0.      42.      20.64   106.5712
   0.      42.      20.64    98.1432
   0.      42.      18.64   122.5392
   0.      42.      18.64   116.6112
   0.      42.      18.64   135.6112
   0.      42.      18.64   129.5312
   0.      42.      18.64   122.0832
   0.      37.      16.34    16.4432
  -5.      57.      16.34   101.5832
   0.      47.      16.34    73.2032
 -10.      57.      16.34    73.2032
  -5.      47.      16.34    44.8232
 -10.      47.      16.34    16.4432
   0.      37.      14.39    40.5332
   0.      47.      14.39    88.7132
 -10.      57.      14.39    88.7132
  -5.      47.      14.39    64.6232
 -10.      47.      14.39    40.5332
  -5.      37.      14.39    16.4432
   0.      37.      20.64    16.4432
  -5.      57.      20.64   129.9632
   0.      47.      20.64    92.1232
 -10.      57.      20.64    92.1232
  -5.      47.      20.64    54.2832
 -10.      47.      20.64    16.4432
   0.      37.      18.64    49.8832
   0.      47.      18.64   116.7632
 -10.      57.      18.64   116.7632
  -5.      47.      18.64    83.3232
 -10.      47.      18.64    49.8832
  -5.      37.      18.64    16.4432
  -5.      47.      16.19   100.5932
   0.      37.      16.19    72.5432
 -10.      47.      16.19    72.5432
  -5.      37.      16.19    44.4932
 -10.      37.      16.19    16.4432
   0.      42.      20.64    97.3176
   0.      42.      20.64   101.6176
   0.      42.      20.64   100.2416
   0.      42.      20.64    98.556 
   0.      42.      20.24   103.4352
   0.      42.      20.24   102.2496
   0.      42.      20.24   106.0496
   0.      42.      20.24   104.8336
   0.      42.      20.24   103.344 
   0.      41.      19.78    82.216 
  -1.      45.      19.78    99.244 
   0.      43.      19.78    93.568 
  -2.      45.      19.78    93.568 
  -1.      43.      19.78    87.892 
  -2.      43.      19.78    82.216 
   0.      41.      19.39    87.034 
   0.      43.      19.39    96.67  
  -2.      45.      19.39    96.67  
  -1.      43.      19.39    91.852 
  -2.      43.      19.39    87.034 
  -1.      41.      19.39    82.216 
   0.      41.      20.64    82.216 
  -1.      45.      20.64   104.92  
   0.      43.      20.64    97.352 
  -2.      45.      20.64    97.352 
  -1.      43.      20.64    89.784 
  -2.      43.      20.64    82.216 
   0.      41.      20.24    88.904 
   0.      43.      20.24   102.28  
  -2.      45.      20.24   102.28  
  -1.      43.      20.24    95.592 
  -2.      43.      20.24    88.904 
  -1.      41.      20.24    82.216 
  -1.      43.      19.75    99.046 
   0.      41.      19.75    93.436 
  -2.      43.      19.75    93.436 
  -1.      41.      19.75    87.826 
  -2.      41.      19.75    82.216 
   0.      42.      20.64   112.1096
   0.      42.      20.64   105.2296
   0.      42.      20.64    96.8016
   0.      42.      18.64   121.1976
   0.      42.      18.64   115.2696
   0.      42.      18.64   134.2696
   0.      42.      18.64   128.1896
   0.      42.      18.64   120.7416
   0.      37.      16.34    15.1016
  -5.      57.      16.34   100.2416
   0.      47.      16.34    71.8616
 -10.      57.      16.34    71.8616
  -5.      47.      16.34    43.4816
 -10.      47.      16.34    15.1016
   0.      37.      14.39    39.1916
   0.      47.      14.39    87.3716
 -10.      57.      14.39    87.3716
  -5.      47.      14.39    63.2816
 -10.      47.      14.39    39.1916
  -5.      37.      14.39    15.1016
   0.      37.      20.64    15.1016
  -5.      57.      20.64   128.6216
   0.      47.      20.64    90.7816
 -10.      57.      20.64    90.7816
  -5.      47.      20.64    52.9416
 -10.      47.      20.64    15.1016
   0.      37.      18.64    48.5416
   0.      47.      18.64   115.4216
 -10.      57.      18.64   115.4216
  -5.      47.      18.64    81.9816
 -10.      47.      18.64    48.5416
  -5.      37.      18.64    15.1016
  -5.      47.      16.19    99.2516
   0.      37.      16.19    71.2016
 -10.      47.      16.19    71.2016
  -5.      37.      16.19    43.1516
 -10.      37.      16.19    15.1016
   0.      42.      20.64    94.9096
   0.      42.      20.64    93.5336
   0.      42.      20.64    91.848 
   0.      42.      20.24    96.7272
   0.      42.      20.24    95.5416
   0.      42.      20.24    99.3416
   0.      42.      20.24    98.1256
   0.      42.      20.24    96.636 
   0.      41.      19.78    75.508 
  -1.      45.      19.78    92.536 
   0.      43.      19.78    86.86  
  -2.      45.      19.78    86.86  
  -1.      43.      19.78    81.184 
  -2.      43.      19.78    75.508 
   0.      41.      19.39    80.326 
   0.      43.      19.39    89.962 
  -2.      45.      19.39    89.962 
  -1.      43.      19.39    85.144 
  -2.      43.      19.39    80.326 
  -1.      41.      19.39    75.508 
   0.      41.      20.64    75.508 
  -1.      45.      20.64    98.212 
   0.      43.      20.64    90.644 
  -2.      45.      20.64    90.644 
  -1.      43.      20.64    83.076 
  -2.      43.      20.64    75.508 
   0.      41.      20.24    82.196 
   0.      43.      20.24    95.572 
  -2.      45.      20.24    95.572 
  -1.      43.      20.24    88.884 
  -2.      43.      20.24    82.196 
  -1.      41.      20.24    75.508 
  -1.      43.      19.75    92.338 
   0.      41.      19.75    86.728 
  -2.      43.      19.75    86.728 
  -1.      41.      19.75    81.118 
  -2.      41.      19.75    75.508 
   0.      42.      20.64   109.5296
   0.      42.      20.64   101.1016
   0.      42.      18.64   125.4976
   0.      42.      18.64   119.5696
   0.      42.      18.64   138.5696
   0.      42.      18.64   132.4896
   0.      42.      18.64   125.0416
   0.      37.      16.34    19.4016
  -5.      57.      16.34   104.5416
   0.      47.      16.34    76.1616
 -10.      57.      16.34    76.1616
  -5.      47.      16.34    47.7816
 -10.      47.      16.34    19.4016
   0.      37.      14.39    43.4916
   0.      47.      14.39    91.6716
 -10.      57.      14.39    91.6716
  -5.      47.      14.39    67.5816
 -10.      47.      14.39    43.4916
  -5.      37.      14.39    19.4016
   0.      37.      20.64    19.4016
  -5.      57.      20.64   132.9216
   0.      47.      20.64    95.0816
 -10.      57.      20.64    95.0816
  -5.      47.      20.64    57.2416
 -10.      47.      20.64    19.4016
   0.      37.      18.64    52.8416
   0.      47.      18.64   119.7216
 -10.      57.      18.64   119.7216
  -5.      47.      18.64    86.2816
 -10.      47.      18.64    52.8416
  -5.      37.      18.64    19.4016
  -5.      47.      16.19   103.5516
   0.      37.      16.19    75.5016
 -10.      47.      16.19    75.5016
  -5.      37.      16.19    47.4516
 -10.      37.      16.19    19.4016
   0.      42.      20.64   115.0336
   0.      42.      20.64   113.348 
   0.      42.      20.24   118.2272
   0.      42.      20.24   117.0416
   0.      42.      20.24   120.8416
   0.      42.      20.24   119.6256
   0.      42.      20.24   118.136 
   0.      41.      19.78    97.008 
  -1.      45.      19.78   114.036 
   0.      43.      19.78   108.36  
  -2.      45.      19.78   108.36  
  -1.      43.      19.78   102.684 
  -2.      43.      19.78    97.008 
   0.      41.      19.39   101.826 
   0.      43.      19.39   111.462 
  -2.      45.      19.39   111.462 
  -1.      43.      19.39   106.644 
  -2.      43.      19.39   101.826 
  -1.      41.      19.39    97.008 
   0.      41.      20.64    97.008 
  -1.      45.      20.64   119.712 
   0.      43.      20.64   112.144 
  -2.      45.      20.64   112.144 
  -1.      43.      20.64   104.576 
  -2.      43.      20.64    97.008 
   0.      41.      20.24   103.696 
   0.      43.      20.24   117.072 
  -2.      45.      20.24   117.072 
  -1.      43.      20.24   110.384 
  -2.      43.      20.24   103.696 
  -1.      41.      20.24    97.008 
  -1.      43.      19.75   113.838 
   0.      41.      19.75   108.228 
  -2.      43.      19.75   108.228 
  -1.      41.      19.75   102.618 
  -2.      41.      19.75    97.008 
   0.      42.      20.64    99.7256
   0.      42.      18.64   124.1216
   0.      42.      18.64   118.1936
   0.      42.      18.64   137.1936
   0.      42.      18.64   131.1136
   0.      42.      18.64   123.6656
   0.      37.      16.34    18.0256
  -5.      57.      16.34   103.1656
   0.      47.      16.34    74.7856
 -10.      57.      16.34    74.7856
  -5.      47.      16.34    46.4056
 -10.      47.      16.34    18.0256
   0.      37.      14.39    42.1156
   0.      47.      14.39    90.2956
 -10.      57.      14.39    90.2956
  -5.      47.      14.39    66.2056
 -10.      47.      14.39    42.1156
  -5.      37.      14.39    18.0256
   0.      37.      20.64    18.0256
  -5.      57.      20.64   131.5456
   0.      47.      20.64    93.7056
 -10.      57.      20.64    93.7056
  -5.      47.      20.64    55.8656
 -10.      47.      20.64    18.0256
   0.      37.      18.64    51.4656
   0.      47.      18.64   118.3456
 -10.      57.      18.64   118.3456
  -5.      47.      18.64    84.9056
 -10.      47.      18.64    51.4656
  -5.      37.      18.64    18.0256
  -5.      47.      16.19   102.1756
   0.      37.      16.19    74.1256
 -10.      47.      16.19    74.1256
  -5.      37.      16.19    46.0756
 -10.      37.      16.19    18.0256
   0.      42.      20.64   106.468 
   0.      42.      20.24   111.3472
   0.      42.      20.24   110.1616
   0.      42.      20.24   113.9616
   0.      42.      20.24   112.7456
   0.      42.      20.24   111.256 
   0.      41.      19.78    90.128 
  -1.      45.      19.78   107.156 
   0.      43.      19.78   101.48  
  -2.      45.      19.78   101.48  
  -1.      43.      19.78    95.804 
  -2.      43.      19.78    90.128 
   0.      41.      19.39    94.946 
   0.      43.      19.39   104.582 
  -2.      45.      19.39   104.582 
  -1.      43.      19.39    99.764 
  -2.      43.      19.39    94.946 
  -1.      41.      19.39    90.128 
   0.      41.      20.64    90.128 
  -1.      45.      20.64   112.832 
   0.      43.      20.64   105.264 
  -2.      45.      20.64   105.264 
  -1.      43.      20.64    97.696 
  -2.      43.      20.64    90.128 
   0.      41.      20.24    96.816 
   0.      43.      20.24   110.192 
  -2.      45.      20.24   110.192 
  -1.      43.      20.24   103.504 
  -2.      43.      20.24    96.816 
  -1.      41.      20.24    90.128 
  -1.      43.      19.75   106.958 
   0.      41.      19.75   101.348 
  -2.      43.      19.75   101.348 
  -1.      41.      19.75    95.738 
  -2.      41.      19.75    90.128 
   0.      42.      18.64   122.436 
   0.      42.      18.64   116.508 
   0.      42.      18.64   135.508 
   0.      42.      18.64   129.428 
   0.      42.      18.64   121.98  
   0.      37.      16.34    16.34  
  -5.      57.      16.34   101.48  
   0.      47.      16.34    73.1   
 -10.      57.      16.34    73.1   
  -5.      47.      16.34    44.72  
 -10.      47.      16.34    16.34  
   0.      37.      14.39    40.43  
   0.      47.      14.39    88.61  
 -10.      57.      14.39    88.61  
  -5.      47.      14.39    64.52  
 -10.      47.      14.39    40.43  
  -5.      37.      14.39    16.34  
   0.      37.      20.64    16.34  
  -5.      57.      20.64   129.86  
   0.      47.      20.64    92.02  
 -10.      57.      20.64    92.02  
  -5.      47.      20.64    54.18  
 -10.      47.      20.64    16.34  
   0.      37.      18.64    49.78  
   0.      47.      18.64   116.66  
 -10.      57.      18.64   116.66  
  -5.      47.      18.64    83.22  
 -10.      47.      18.64    49.78  
  -5.      37.      18.64    16.34  
  -5.      47.      16.19   100.49  
   0.      37.      16.19    72.44  
 -10.      47.      16.19    72.44  
  -5.      37.      16.19    44.39  
 -10.      37.      16.19    16.34  
   0.      42.      20.24   102.9192
   0.      42.      20.24   101.7336
   0.      42.      20.24   105.5336
   0.      42.      20.24   104.3176
   0.      42.      20.24   102.828 
   0.      41.      19.78    81.7   
  -1.      45.      19.78    98.728 
   0.      43.      19.78    93.052 
  -2.      45.      19.78    93.052 
  -1.      43.      19.78    87.376 
  -2.      43.      19.78    81.7   
   0.      41.      19.39    86.518 
   0.      43.      19.39    96.154 
  -2.      45.      19.39    96.154 
  -1.      43.      19.39    91.336 
  -2.      43.      19.39    86.518 
  -1.      41.      19.39    81.7   
   0.      41.      20.64    81.7   
  -1.      45.      20.64   104.404 
   0.      43.      20.64    96.836 
  -2.      45.      20.64    96.836 
  -1.      43.      20.64    89.268 
  -2.      43.      20.64    81.7   
   0.      41.      20.24    88.388 
   0.      43.      20.24   101.764 
  -2.      45.      20.24   101.764 
  -1.      43.      20.24    95.076 
  -2.      43.      20.24    88.388 
  -1.      41.      20.24    81.7   
  -1.      43.      19.75    98.53  
   0.      41.      19.75    92.92  
  -2.      43.      19.75    92.92  
  -1.      41.      19.75    87.31  
  -2.      41.      19.75    81.7   
   0.      42.      18.24   121.3872
   0.      42.      18.24   140.3872
   0.      42.      18.24   134.3072
   0.      42.      18.24   126.8592
   0.      37.      15.94    21.2192
  -5.      57.      15.94   106.3592
   0.      47.      15.94    77.9792
 -10.      57.      15.94    77.9792
  -5.      47.      15.94    49.5992
 -10.      47.      15.94    21.2192
   0.      37.      13.99    45.3092
   0.      47.      13.99    93.4892
 -10.      57.      13.99    93.4892
  -5.      47.      13.99    69.3992
 -10.      47.      13.99    45.3092
  -5.      37.      13.99    21.2192
   0.      37.      20.24    21.2192
  -5.      57.      20.24   134.7392
   0.      47.      20.24    96.8992
 -10.      57.      20.24    96.8992
  -5.      47.      20.24    59.0592
 -10.      47.      20.24    21.2192
   0.      37.      18.24    54.6592
   0.      47.      18.24   121.5392
 -10.      57.      18.24   121.5392
  -5.      47.      18.24    88.0992
 -10.      47.      18.24    54.6592
  -5.      37.      18.24    21.2192
  -5.      47.      15.79   105.3692
   0.      37.      15.79    77.3192
 -10.      47.      15.79    77.3192
  -5.      37.      15.79    49.2692
 -10.      37.      15.79    21.2192
   0.      42.      18.24   126.1296
   0.      42.      18.24   129.9296
   0.      42.      18.24   128.7136
   0.      42.      18.24   127.224 
   0.      41.      17.78   106.096 
  -1.      45.      17.78   123.124 
   0.      43.      17.78   117.448 
  -2.      45.      17.78   117.448 
  -1.      43.      17.78   111.772 
  -2.      43.      17.78   106.096 
   0.      41.      17.39   110.914 
   0.      43.      17.39   120.55  
  -2.      45.      17.39   120.55  
  -1.      43.      17.39   115.732 
  -2.      43.      17.39   110.914 
  -1.      41.      17.39   106.096 
   0.      41.      18.64   106.096 
  -1.      45.      18.64   128.8   
   0.      43.      18.64   121.232 
  -2.      45.      18.64   121.232 
  -1.      43.      18.64   113.664 
  -2.      43.      18.64   106.096 
   0.      41.      18.24   112.784 
   0.      43.      18.24   126.16  
  -2.      45.      18.24   126.16  
  -1.      43.      18.24   119.472 
  -2.      43.      18.24   112.784 
  -1.      41.      18.24   106.096 
  -1.      43.      17.75   122.926 
   0.      41.      17.75   117.316 
  -2.      43.      17.75   117.316 
  -1.      41.      17.75   111.706 
  -2.      41.      17.75   106.096 
   0.      42.      18.24   139.2016
   0.      42.      18.24   133.1216
   0.      42.      18.24   125.6736
   0.      37.      15.94    20.0336
  -5.      57.      15.94   105.1736
   0.      47.      15.94    76.7936
 -10.      57.      15.94    76.7936
  -5.      47.      15.94    48.4136
 -10.      47.      15.94    20.0336
   0.      37.      13.99    44.1236
   0.      47.      13.99    92.3036
 -10.      57.      13.99    92.3036
  -5.      47.      13.99    68.2136
 -10.      47.      13.99    44.1236
  -5.      37.      13.99    20.0336
   0.      37.      20.24    20.0336
  -5.      57.      20.24   133.5536
   0.      47.      20.24    95.7136
 -10.      57.      20.24    95.7136
  -5.      47.      20.24    57.8736
 -10.      47.      20.24    20.0336
   0.      37.      18.24    53.4736
   0.      47.      18.24   120.3536
 -10.      57.      18.24   120.3536
  -5.      47.      18.24    86.9136
 -10.      47.      18.24    53.4736
  -5.      37.      18.24    20.0336
  -5.      47.      15.79   104.1836
   0.      37.      15.79    76.1336
 -10.      47.      15.79    76.1336
  -5.      37.      15.79    48.0836
 -10.      37.      15.79    20.0336
   0.      42.      18.24   124.0016
   0.      42.      18.24   122.7856
   0.      42.      18.24   121.296 
   0.      41.      17.78   100.168 
  -1.      45.      17.78   117.196 
   0.      43.      17.78   111.52  
  -2.      45.      17.78   111.52  
  -1.      43.      17.78   105.844 
  -2.      43.      17.78   100.168 
   0.      41.      17.39   104.986 
   0.      43.      17.39   114.622 
  -2.      45.      17.39   114.622 
  -1.      43.      17.39   109.804 
  -2.      43.      17.39   104.986 
  -1.      41.      17.39   100.168 
   0.      41.      18.64   100.168 
  -1.      45.      18.64   122.872 
   0.      43.      18.64   115.304 
  -2.      45.      18.64   115.304 
  -1.      43.      18.64   107.736 
  -2.      43.      18.64   100.168 
   0.      41.      18.24   106.856 
   0.      43.      18.24   120.232 
  -2.      45.      18.24   120.232 
  -1.      43.      18.24   113.544 
  -2.      43.      18.24   106.856 
  -1.      41.      18.24   100.168 
  -1.      43.      17.75   116.998 
   0.      41.      17.75   111.388 
  -2.      43.      17.75   111.388 
  -1.      41.      17.75   105.778 
  -2.      41.      17.75   100.168 
   0.      42.      18.24   136.9216
   0.      42.      18.24   129.4736
   0.      37.      15.94    23.8336
  -5.      57.      15.94   108.9736
   0.      47.      15.94    80.5936
 -10.      57.      15.94    80.5936
  -5.      47.      15.94    52.2136
 -10.      47.      15.94    23.8336
   0.      37.      13.99    47.9236
   0.      47.      13.99    96.1036
 -10.      57.      13.99    96.1036
  -5.      47.      13.99    72.0136
 -10.      47.      13.99    47.9236
  -5.      37.      13.99    23.8336
   0.      37.      20.24    23.8336
  -5.      57.      20.24   137.3536
   0.      47.      20.24    99.5136
 -10.      57.      20.24    99.5136
  -5.      47.      20.24    61.6736
 -10.      47.      20.24    23.8336
   0.      37.      18.24    57.2736
   0.      47.      18.24   124.1536
 -10.      57.      18.24   124.1536
  -5.      47.      18.24    90.7136
 -10.      47.      18.24    57.2736
  -5.      37.      18.24    23.8336
  -5.      47.      15.79   107.9836
   0.      37.      15.79    79.9336
 -10.      47.      15.79    79.9336
  -5.      37.      15.79    51.8836
 -10.      37.      15.79    23.8336
   0.      42.      18.24   141.7856
   0.      42.      18.24   140.296 
   0.      41.      17.78   119.168 
  -1.      45.      17.78   136.196 
   0.      43.      17.78   130.52  
  -2.      45.      17.78   130.52  
  -1.      43.      17.78   124.844 
  -2.      43.      17.78   119.168 
   0.      41.      17.39   123.986 
   0.      43.      17.39   133.622 
  -2.      45.      17.39   133.622 
  -1.      43.      17.39   128.804 
  -2.      43.      17.39   123.986 
  -1.      41.      17.39   119.168 
   0.      41.      18.64   119.168 
  -1.      45.      18.64   141.872 
   0.      43.      18.64   134.304 
  -2.      45.      18.64   134.304 
  -1.      43.      18.64   126.736 
  -2.      43.      18.64   119.168 
   0.      41.      18.24   125.856 
   0.      43.      18.24   139.232 
  -2.      45.      18.24   139.232 
  -1.      43.      18.24   132.544 
  -2.      43.      18.24   125.856 
  -1.      41.      18.24   119.168 
  -1.      43.      17.75   135.998 
   0.      41.      17.75   130.388 
  -2.      43.      17.75   130.388 
  -1.      41.      17.75   124.778 
  -2.      41.      17.75   119.168 
   0.      42.      18.24   128.2576
   0.      37.      15.94    22.6176
  -5.      57.      15.94   107.7576
   0.      47.      15.94    79.3776
 -10.      57.      15.94    79.3776
  -5.      47.      15.94    50.9976
 -10.      47.      15.94    22.6176
   0.      37.      13.99    46.7076
   0.      47.      13.99    94.8876
 -10.      57.      13.99    94.8876
  -5.      47.      13.99    70.7976
 -10.      47.      13.99    46.7076
  -5.      37.      13.99    22.6176
   0.      37.      20.24    22.6176
  -5.      57.      20.24   136.1376
   0.      47.      20.24    98.2976
 -10.      57.      20.24    98.2976
  -5.      47.      20.24    60.4576
 -10.      47.      20.24    22.6176
   0.      37.      18.24    56.0576
   0.      47.      18.24   122.9376
 -10.      57.      18.24   122.9376
  -5.      47.      18.24    89.4976
 -10.      47.      18.24    56.0576
  -5.      37.      18.24    22.6176
  -5.      47.      15.79   106.7676
   0.      37.      15.79    78.7176
 -10.      47.      15.79    78.7176
  -5.      37.      15.79    50.6676
 -10.      37.      15.79    22.6176
   0.      42.      18.24   134.216 
   0.      41.      17.78   113.088 
  -1.      45.      17.78   130.116 
   0.      43.      17.78   124.44  
  -2.      45.      17.78   124.44  
  -1.      43.      17.78   118.764 
  -2.      43.      17.78   113.088 
   0.      41.      17.39   117.906 
   0.      43.      17.39   127.542 
  -2.      45.      17.39   127.542 
  -1.      43.      17.39   122.724 
  -2.      43.      17.39   117.906 
  -1.      41.      17.39   113.088 
   0.      41.      18.64   113.088 
  -1.      45.      18.64   135.792 
   0.      43.      18.64   128.224 
  -2.      45.      18.64   128.224 
  -1.      43.      18.64   120.656 
  -2.      43.      18.64   113.088 
   0.      41.      18.24   119.776 
   0.      43.      18.24   133.152 
  -2.      45.      18.24   133.152 
  -1.      43.      18.24   126.464 
  -2.      43.      18.24   119.776 
  -1.      41.      18.24   113.088 
  -1.      43.      17.75   129.918 
   0.      41.      17.75   124.308 
  -2.      43.      17.75   124.308 
  -1.      41.      17.75   118.698 
  -2.      41.      17.75   113.088 
   0.      37.      15.94    21.128 
  -5.      57.      15.94   106.268 
   0.      47.      15.94    77.888 
 -10.      57.      15.94    77.888 
  -5.      47.      15.94    49.508 
 -10.      47.      15.94    21.128 
   0.      37.      13.99    45.218 
   0.      47.      13.99    93.398 
 -10.      57.      13.99    93.398 
  -5.      47.      13.99    69.308 
 -10.      47.      13.99    45.218 
  -5.      37.      13.99    21.128 
   0.      37.      20.24    21.128 
  -5.      57.      20.24   134.648 
   0.      47.      20.24    96.808 
 -10.      57.      20.24    96.808 
  -5.      47.      20.24    58.968 
 -10.      47.      20.24    21.128 
   0.      37.      18.24    54.568 
   0.      47.      18.24   121.448 
 -10.      57.      18.24   121.448 
  -5.      47.      18.24    88.008 
 -10.      47.      18.24    54.568 
  -5.      37.      18.24    21.128 
  -5.      47.      15.79   105.278 
   0.      37.      15.79    77.228 
 -10.      47.      15.79    77.228 
  -5.      37.      15.79    49.178 
 -10.      37.      15.79    21.128 
   0.      41.      17.78   105.64  
  -1.      45.      17.78   122.668 
   0.      43.      17.78   116.992 
  -2.      45.      17.78   116.992 
  -1.      43.      17.78   111.316 
  -2.      43.      17.78   105.64  
   0.      41.      17.39   110.458 
   0.      43.      17.39   120.094 
  -2.      45.      17.39   120.094 
  -1.      43.      17.39   115.276 
  -2.      43.      17.39   110.458 
  -1.      41.      17.39   105.64  
   0.      41.      18.64   105.64  
  -1.      45.      18.64   128.344 
   0.      43.      18.64   120.776 
  -2.      45.      18.64   120.776 
  -1.      43.      18.64   113.208 
  -2.      43.      18.64   105.64  
   0.      41.      18.24   112.328 
   0.      43.      18.24   125.704 
  -2.      45.      18.24   125.704 
  -1.      43.      18.24   119.016 
  -2.      43.      18.24   112.328 
  -1.      41.      18.24   105.64  
  -1.      43.      17.75   122.47  
   0.      41.      17.75   116.86  
  -2.      43.      17.75   116.86  
  -1.      41.      17.75   111.25  
  -2.      41.      17.75   105.64  
  -5.      56.      15.48    85.14  
   0.      46.      15.48    56.76  
 -10.      56.      15.48    56.76  
  -5.      46.      15.48    28.38  
 -10.      46.      15.48     0.    
   0.      36.      13.53    24.09  
   0.      46.      13.53    72.27  
 -10.      56.      13.53    72.27  
  -5.      46.      13.53    48.18  
 -10.      46.      13.53    24.09  
  -5.      36.      13.53     0.    
   0.      36.      19.78     0.    
  -5.      56.      19.78   113.52  
   0.      46.      19.78    75.68  
 -10.      56.      19.78    75.68  
  -5.      46.      19.78    37.84  
 -10.      46.      19.78     0.    
   0.      36.      17.78    33.44  
   0.      46.      17.78   100.32  
 -10.      56.      17.78   100.32  
  -5.      46.      17.78    66.88  
 -10.      46.      17.78    33.44  
  -5.      36.      17.78     0.    
  -5.      46.      15.33    84.15  
   0.      36.      15.33    56.1   
 -10.      46.      15.33    56.1   
  -5.      36.      15.33    28.05  
 -10.      36.      15.33     0.    
  -1.      40.      15.48    17.028 
   0.      38.      15.48    11.352 
  -2.      40.      15.48    11.352 
  -1.      38.      15.48     5.676 
  -2.      38.      15.48     0.    
   0.      36.      15.09     4.818 
   0.      38.      15.09    14.454 
  -2.      40.      15.09    14.454 
  -1.      38.      15.09     9.636 
  -2.      38.      15.09     4.818 
  -1.      36.      15.09     0.    
   0.      36.      16.34     0.    
  -1.      40.      16.34    22.704 
   0.      38.      16.34    15.136 
  -2.      40.      16.34    15.136 
  -1.      38.      16.34     7.568 
  -2.      38.      16.34     0.    
   0.      36.      15.94     6.688 
   0.      38.      15.94    20.064 
  -2.      40.      15.94    20.064 
  -1.      38.      15.94    13.376 
  -2.      38.      15.94     6.688 
  -1.      36.      15.94     0.    
  -1.      38.      15.45    16.83  
   0.      36.      15.45    11.22  
  -2.      38.      15.45    11.22  
  -1.      36.      15.45     5.61  
  -2.      36.      15.45     0.    
  -1.      50.      15.48    73.788 
 -11.      60.      15.48    73.788 
  -6.      50.      15.48    45.408 
 -11.      50.      15.48    17.028 
  -1.      40.      13.53    41.118 
  -1.      50.      13.53    89.298 
 -11.      60.      13.53    89.298 
  -6.      50.      13.53    65.208 
 -11.      50.      13.53    41.118 
  -6.      40.      13.53    17.028 
  -1.      40.      19.78    17.028 
  -6.      60.      19.78   130.548 
  -1.      50.      19.78    92.708 
 -11.      60.      19.78    92.708 
  -6.      50.      19.78    54.868 
 -11.      50.      19.78    17.028 
  -1.      40.      17.78    50.468 
  -1.      50.      17.78   117.348 
 -11.      60.      17.78   117.348 
  -6.      50.      17.78    83.908 
 -11.      50.      17.78    50.468 
  -6.      40.      17.78    17.028 
  -6.      50.      15.33   101.178 
  -1.      40.      15.33    73.128 
 -11.      50.      15.33    73.128 
  -6.      40.      15.33    45.078 
 -11.      40.      15.33    17.028 
  -5.      58.      15.48    96.492 
  -7.      60.      15.48    96.492 
  -6.      58.      15.48    90.816 
  -7.      58.      15.48    85.14  
  -5.      56.      15.09    89.958 
  -5.      58.      15.09    99.594 
  -7.      60.      15.09    99.594 
  -6.      58.      15.09    94.776 
  -7.      58.      15.09    89.958 
  -6.      56.      15.09    85.14  
  -5.      56.      16.34    85.14  
  -6.      60.      16.34   107.844 
  -5.      58.      16.34   100.276 
  -7.      60.      16.34   100.276 
  -6.      58.      16.34    92.708 
  -7.      58.      16.34    85.14  
  -5.      56.      15.94    91.828 
  -5.      58.      15.94   105.204 
  -7.      60.      15.94   105.204 
  -6.      58.      15.94    98.516 
  -7.      58.      15.94    91.828 
  -6.      56.      15.94    85.14  
  -6.      58.      15.45   101.97  
  -5.      56.      15.45    96.36  
  -7.      58.      15.45    96.36  
  -6.      56.      15.45    90.75  
  -7.      56.      15.45    85.14  
 -10.      58.      15.48    68.112 
  -5.      48.      15.48    39.732 
 -10.      48.      15.48    11.352 
   0.      38.      13.53    35.442 
   0.      48.      13.53    83.622 
 -10.      58.      13.53    83.622 
  -5.      48.      13.53    59.532 
 -10.      48.      13.53    35.442 
  -5.      38.      13.53    11.352 
   0.      38.      19.78    11.352 
  -5.      58.      19.78   124.872 
   0.      48.      19.78    87.032 
 -10.      58.      19.78    87.032 
  -5.      48.      19.78    49.192 
 -10.      48.      19.78    11.352 
   0.      38.      17.78    44.792 
   0.      48.      17.78   111.672 
 -10.      58.      17.78   111.672 
  -5.      48.      17.78    78.232 
 -10.      48.      17.78    44.792 
  -5.      38.      17.78    11.352 
  -5.      48.      15.33    95.502 
   0.      38.      15.33    67.452 
 -10.      48.      15.33    67.452 
  -5.      38.      15.33    39.402 
 -10.      38.      15.33    11.352 
  -2.      50.      15.48    68.112 
  -1.      48.      15.48    62.436 
  -2.      48.      15.48    56.76  
   0.      46.      15.09    61.578 
   0.      48.      15.09    71.214 
  -2.      50.      15.09    71.214 
  -1.      48.      15.09    66.396 
  -2.      48.      15.09    61.578 
  -1.      46.      15.09    56.76  
   0.      46.      16.34    56.76  
  -1.      50.      16.34    79.464 
   0.      48.      16.34    71.896 
  -2.      50.      16.34    71.896 
  -1.      48.      16.34    64.328 
  -2.      48.      16.34    56.76  
   0.      46.      15.94    63.448 
   0.      48.      15.94    76.824 
  -2.      50.      15.94    76.824 
  -1.      48.      15.94    70.136 
  -2.      48.      15.94    63.448 
  -1.      46.      15.94    56.76  
  -1.      48.      15.45    73.59  
   0.      46.      15.45    67.98  
  -2.      48.      15.45    67.98  
  -1.      46.      15.45    62.37  
  -2.      46.      15.45    56.76  
  -7.      50.      15.48    39.732 
 -12.      50.      15.48    11.352 
  -2.      40.      13.53    35.442 
  -2.      50.      13.53    83.622 
 -12.      60.      13.53    83.622 
  -7.      50.      13.53    59.532 
 -12.      50.      13.53    35.442 
  -7.      40.      13.53    11.352 
  -2.      40.      19.78    11.352 
  -7.      60.      19.78   124.872 
  -2.      50.      19.78    87.032 
 -12.      60.      19.78    87.032 
  -7.      50.      19.78    49.192 
 -12.      50.      19.78    11.352 
  -2.      40.      17.78    44.792 
  -2.      50.      17.78   111.672 
 -12.      60.      17.78   111.672 
  -7.      50.      17.78    78.232 
 -12.      50.      17.78    44.792 
  -7.      40.      17.78    11.352 
  -7.      50.      15.33    95.502 
  -2.      40.      15.33    67.452 
 -12.      50.      15.33    67.452 
  -7.      40.      15.33    39.402 
 -12.      40.      15.33    11.352 
 -11.      58.      15.48    62.436 
 -12.      58.      15.48    56.76  
 -10.      56.      15.09    61.578 
 -10.      58.      15.09    71.214 
 -12.      60.      15.09    71.214 
 -11.      58.      15.09    66.396 
 -12.      58.      15.09    61.578 
 -11.      56.      15.09    56.76  
 -10.      56.      16.34    56.76  
 -11.      60.      16.34    79.464 
 -10.      58.      16.34    71.896 
 -12.      60.      16.34    71.896 
 -11.      58.      16.34    64.328 
 -12.      58.      16.34    56.76  
 -10.      56.      15.94    63.448 
 -10.      58.      15.94    76.824 
 -12.      60.      15.94    76.824 
 -11.      58.      15.94    70.136 
 -12.      58.      15.94    63.448 
 -11.      56.      15.94    56.76  
 -11.      58.      15.45    73.59  
 -10.      56.      15.45    67.98  
 -12.      58.      15.45    67.98  
 -11.      56.      15.45    62.37  
 -12.      56.      15.45    56.76  
 -11.      48.      15.48     5.676 
  -1.      38.      13.53    29.766 
  -1.      48.      13.53    77.946 
 -11.      58.      13.53    77.946 
  -6.      48.      13.53    53.856 
 -11.      48.      13.53    29.766 
  -6.      38.      13.53     5.676 
  -1.      38.      19.78     5.676 
  -6.      58.      19.78   119.196 
  -1.      48.      19.78    81.356 
 -11.      58.      19.78    81.356 
  -6.      48.      19.78    43.516 
 -11.      48.      19.78     5.676 
  -1.      38.      17.78    39.116 
  -1.      48.      17.78   105.996 
 -11.      58.      17.78   105.996 
  -6.      48.      17.78    72.556 
 -11.      48.      17.78    39.116 
  -6.      38.      17.78     5.676 
  -6.      48.      15.33    89.826 
  -1.      38.      15.33    61.776 
 -11.      48.      15.33    61.776 
  -6.      38.      15.33    33.726 
 -11.      38.      15.33     5.676 
  -7.      48.      15.48    28.38  
  -5.      46.      15.09    33.198 
  -5.      48.      15.09    42.834 
  -7.      50.      15.09    42.834 
  -6.      48.      15.09    38.016 
  -7.      48.      15.09    33.198 
  -6.      46.      15.09    28.38  
  -5.      46.      16.34    28.38  
  -6.      50.      16.34    51.084 
  -5.      48.      16.34    43.516 
  -7.      50.      16.34    43.516 
  -6.      48.      16.34    35.948 
  -7.      48.      16.34    28.38  
  -5.      46.      15.94    35.068 
  -5.      48.      15.94    48.444 
  -7.      50.      15.94    48.444 
  -6.      48.      15.94    41.756 
  -7.      48.      15.94    35.068 
  -6.      46.      15.94    28.38  
  -6.      48.      15.45    45.21  
  -5.      46.      15.45    39.6   
  -7.      48.      15.45    39.6   
  -6.      46.      15.45    33.99  
  -7.      46.      15.45    28.38  
  -2.      38.      13.53    24.09  
  -2.      48.      13.53    72.27  
 -12.      58.      13.53    72.27  
  -7.      48.      13.53    48.18  
 -12.      48.      13.53    24.09  
  -7.      38.      13.53     0.    
  -2.      38.      19.78     0.    
  -7.      58.      19.78   113.52  
  -2.      48.      19.78    75.68  
 -12.      58.      19.78    75.68  
  -7.      48.      19.78    37.84  
 -12.      48.      19.78     0.    
  -2.      38.      17.78    33.44  
  -2.      48.      17.78   100.32  
 -12.      58.      17.78   100.32  
  -7.      48.      17.78    66.88  
 -12.      48.      17.78    33.44  
  -7.      38.      17.78     0.    
  -7.      48.      15.33    84.15  
  -2.      38.      15.33    56.1   
 -12.      48.      15.33    56.1   
  -7.      38.      15.33    28.05  
 -12.      38.      15.33     0.    
 -10.      46.      15.09     4.818 
 -10.      48.      15.09    14.454 
 -12.      50.      15.09    14.454 
 -11.      48.      15.09     9.636 
 -12.      48.      15.09     4.818 
 -11.      46.      15.09     0.    
 -10.      46.      16.34     0.    
 -11.      50.      16.34    22.704 
 -10.      48.      16.34    15.136 
 -12.      50.      16.34    15.136 
 -11.      48.      16.34     7.568 
 -12.      48.      16.34     0.    
 -10.      46.      15.94     6.688 
 -10.      48.      15.94    20.064 
 -12.      50.      15.94    20.064 
 -11.      48.      15.94    13.376 
 -12.      48.      15.94     6.688 
 -11.      46.      15.94     0.    
 -11.      48.      15.45    16.83  
 -10.      46.      15.45    11.22  
 -12.      48.      15.45    11.22  
 -11.      46.      15.45     5.61  
 -12.      46.      15.45     0.    
   0.      46.      13.14    77.088 
 -10.      56.      13.14    77.088 
  -5.      46.      13.14    52.998 
 -10.      46.      13.14    28.908 
  -5.      36.      13.14     4.818 
   0.      36.      19.39     4.818 
  -5.      56.      19.39   118.338 
   0.      46.      19.39    80.498 
 -10.      56.      19.39    80.498 
  -5.      46.      19.39    42.658 
 -10.      46.      19.39     4.818 
   0.      36.      17.39    38.258 
   0.      46.      17.39   105.138 
 -10.      56.      17.39   105.138 
  -5.      46.      17.39    71.698 
 -10.      46.      17.39    38.258 
  -5.      36.      17.39     4.818 
  -5.      46.      14.94    88.968 
   0.      36.      14.94    60.918 
 -10.      46.      14.94    60.918 
  -5.      36.      14.94    32.868 
 -10.      36.      14.94     4.818 
   0.      38.      13.14    38.544 
  -2.      40.      13.14    38.544 
  -1.      38.      13.14    33.726 
  -2.      38.      13.14    28.908 
  -1.      36.      13.14    24.09  
   0.      36.      14.39    24.09  
  -1.      40.      14.39    46.794 
   0.      38.      14.39    39.226 
  -2.      40.      14.39    39.226 
  -1.      38.      14.39    31.658 
  -2.      38.      14.39    24.09  
   0.      36.      13.99    30.778 
   0.      38.      13.99    44.154 
  -2.      40.      13.99    44.154 
  -1.      38.      13.99    37.466 
  -2.      38.      13.99    30.778 
  -1.      36.      13.99    24.09  
  -1.      38.      13.5     40.92  
   0.      36.      13.5     35.31  
  -2.      38.      13.5     35.31  
  -1.      36.      13.5     29.7   
  -2.      36.      13.5     24.09  
 -10.      58.      13.14    86.724 
  -5.      48.      13.14    62.634 
 -10.      48.      13.14    38.544 
  -5.      38.      13.14    14.454 
   0.      38.      19.39    14.454 
  -5.      58.      19.39   127.974 
   0.      48.      19.39    90.134 
 -10.      58.      19.39    90.134 
  -5.      48.      19.39    52.294 
 -10.      48.      19.39    14.454 
   0.      38.      17.39    47.894 
   0.      48.      17.39   114.774 
 -10.      58.      17.39   114.774 
  -5.      48.      17.39    81.334 
 -10.      48.      17.39    47.894 
  -5.      38.      17.39    14.454 
  -5.      48.      14.94    98.604 
   0.      38.      14.94    70.554 
 -10.      48.      14.94    70.554 
  -5.      38.      14.94    42.504 
 -10.      38.      14.94    14.454 
  -2.      50.      13.14    86.724 
  -1.      48.      13.14    81.906 
  -2.      48.      13.14    77.088 
  -1.      46.      13.14    72.27  
   0.      46.      14.39    72.27  
  -1.      50.      14.39    94.974 
   0.      48.      14.39    87.406 
  -2.      50.      14.39    87.406 
  -1.      48.      14.39    79.838 
  -2.      48.      14.39    72.27  
   0.      46.      13.99    78.958 
   0.      48.      13.99    92.334 
  -2.      50.      13.99    92.334 
  -1.      48.      13.99    85.646 
  -2.      48.      13.99    78.958 
  -1.      46.      13.99    72.27  
  -1.      48.      13.5     89.1   
   0.      46.      13.5     83.49  
  -2.      48.      13.5     83.49  
  -1.      46.      13.5     77.88  
  -2.      46.      13.5     72.27  
  -7.      50.      13.14    62.634 
 -12.      50.      13.14    38.544 
  -7.      40.      13.14    14.454 
  -2.      40.      19.39    14.454 
  -7.      60.      19.39   127.974 
  -2.      50.      19.39    90.134 
 -12.      60.      19.39    90.134 
  -7.      50.      19.39    52.294 
 -12.      50.      19.39    14.454 
  -2.      40.      17.39    47.894 
  -2.      50.      17.39   114.774 
 -12.      60.      17.39   114.774 
  -7.      50.      17.39    81.334 
 -12.      50.      17.39    47.894 
  -7.      40.      17.39    14.454 
  -7.      50.      14.94    98.604 
  -2.      40.      14.94    70.554 
 -12.      50.      14.94    70.554 
  -7.      40.      14.94    42.504 
 -12.      40.      14.94    14.454 
 -11.      58.      13.14    81.906 
 -12.      58.      13.14    77.088 
 -11.      56.      13.14    72.27  
 -10.      56.      14.39    72.27  
 -11.      60.      14.39    94.974 
 -10.      58.      14.39    87.406 
 -12.      60.      14.39    87.406 
 -11.      58.      14.39    79.838 
 -12.      58.      14.39    72.27  
 -10.      56.      13.99    78.958 
 -10.      58.      13.99    92.334 
 -12.      60.      13.99    92.334 
 -11.      58.      13.99    85.646 
 -12.      58.      13.99    78.958 
 -11.      56.      13.99    72.27  
 -11.      58.      13.5     89.1   
 -10.      56.      13.5     83.49  
 -12.      58.      13.5     83.49  
 -11.      56.      13.5     77.88  
 -12.      56.      13.5     72.27  
 -11.      48.      13.14    33.726 
  -6.      38.      13.14     9.636 
  -1.      38.      19.39     9.636 
  -6.      58.      19.39   123.156 
  -1.      48.      19.39    85.316 
 -11.      58.      19.39    85.316 
  -6.      48.      19.39    47.476 
 -11.      48.      19.39     9.636 
  -1.      38.      17.39    43.076 
  -1.      48.      17.39   109.956 
 -11.      58.      17.39   109.956 
  -6.      48.      17.39    76.516 
 -11.      48.      17.39    43.076 
  -6.      38.      17.39     9.636 
  -6.      48.      14.94    93.786 
  -1.      38.      14.94    65.736 
 -11.      48.      14.94    65.736 
  -6.      38.      14.94    37.686 
 -11.      38.      14.94     9.636 
  -7.      48.      13.14    52.998 
  -6.      46.      13.14    48.18  
  -5.      46.      14.39    48.18  
  -6.      50.      14.39    70.884 
  -5.      48.      14.39    63.316 
  -7.      50.      14.39    63.316 
  -6.      48.      14.39    55.748 
  -7.      48.      14.39    48.18  
  -5.      46.      13.99    54.868 
  -5.      48.      13.99    68.244 
  -7.      50.      13.99    68.244 
  -6.      48.      13.99    61.556 
  -7.      48.      13.99    54.868 
  -6.      46.      13.99    48.18  
  -6.      48.      13.5     65.01  
  -5.      46.      13.5     59.4   
  -7.      48.      13.5     59.4   
  -6.      46.      13.5     53.79  
  -7.      46.      13.5     48.18  
  -7.      38.      13.14     4.818 
  -2.      38.      19.39     4.818 
  -7.      58.      19.39   118.338 
  -2.      48.      19.39    80.498 
 -12.      58.      19.39    80.498 
  -7.      48.      19.39    42.658 
 -12.      48.      19.39     4.818 
  -2.      38.      17.39    38.258 
  -2.      48.      17.39   105.138 
 -12.      58.      17.39   105.138 
  -7.      48.      17.39    71.698 
 -12.      48.      17.39    38.258 
  -7.      38.      17.39     4.818 
  -7.      48.      14.94    88.968 
  -2.      38.      14.94    60.918 
 -12.      48.      14.94    60.918 
  -7.      38.      14.94    32.868 
 -12.      38.      14.94     4.818 
 -11.      46.      13.14    24.09  
 -10.      46.      14.39    24.09  
 -11.      50.      14.39    46.794 
 -10.      48.      14.39    39.226 
 -12.      50.      14.39    39.226 
 -11.      48.      14.39    31.658 
 -12.      48.      14.39    24.09  
 -10.      46.      13.99    30.778 
 -10.      48.      13.99    44.154 
 -12.      50.      13.99    44.154 
 -11.      48.      13.99    37.466 
 -12.      48.      13.99    30.778 
 -11.      46.      13.99    24.09  
 -11.      48.      13.5     40.92  
 -10.      46.      13.5     35.31  
 -12.      48.      13.5     35.31  
 -11.      46.      13.5     29.7   
 -12.      46.      13.5     24.09  
  -1.      36.      19.39     0.    
  -6.      56.      19.39   113.52  
  -1.      46.      19.39    75.68  
 -11.      56.      19.39    75.68  
  -6.      46.      19.39    37.84  
 -11.      46.      19.39     0.    
  -1.      36.      17.39    33.44  
  -1.      46.      17.39   100.32  
 -11.      56.      17.39   100.32  
  -6.      46.      17.39    66.88  
 -11.      46.      17.39    33.44  
  -6.      36.      17.39     0.    
  -6.      46.      14.94    84.15  
  -1.      36.      14.94    56.1   
 -11.      46.      14.94    56.1   
  -6.      36.      14.94    28.05  
 -11.      36.      14.94     0.    
  -5.      36.      14.39     0.    
  -6.      40.      14.39    22.704 
  -5.      38.      14.39    15.136 
  -7.      40.      14.39    15.136 
  -6.      38.      14.39     7.568 
  -7.      38.      14.39     0.    
  -5.      36.      13.99     6.688 
  -5.      38.      13.99    20.064 
  -7.      40.      13.99    20.064 
  -6.      38.      13.99    13.376 
  -7.      38.      13.99     6.688 
  -6.      36.      13.99     0.    
  -6.      38.      13.5     16.83  
  -5.      36.      13.5     11.22  
  -7.      38.      13.5     11.22  
  -6.      36.      13.5      5.61  
  -7.      36.      13.5      0.    
  -5.      56.      20.64   113.52  
   0.      46.      20.64    75.68  
 -10.      56.      20.64    75.68  
  -5.      46.      20.64    37.84  
 -10.      46.      20.64     0.    
   0.      36.      18.64    33.44  
   0.      46.      18.64   100.32  
 -10.      56.      18.64   100.32  
  -5.      46.      18.64    66.88  
 -10.      46.      18.64    33.44  
  -5.      36.      18.64     0.    
  -5.      46.      16.19    84.15  
   0.      36.      16.19    56.1   
 -10.      46.      16.19    56.1   
  -5.      36.      16.19    28.05  
 -10.      36.      16.19     0.    
  -1.      40.      20.64    22.704 
   0.      38.      20.64    15.136 
  -2.      40.      20.64    15.136 
  -1.      38.      20.64     7.568 
  -2.      38.      20.64     0.    
   0.      36.      20.24     6.688 
   0.      38.      20.24    20.064 
  -2.      40.      20.24    20.064 
  -1.      38.      20.24    13.376 
  -2.      38.      20.24     6.688 
  -1.      36.      20.24     0.    
  -1.      38.      19.75    16.83  
   0.      36.      19.75    11.22  
  -2.      38.      19.75    11.22  
  -1.      36.      19.75     5.61  
  -2.      36.      19.75     0.    
  -1.      50.      20.64    98.384 
 -11.      60.      20.64    98.384 
  -6.      50.      20.64    60.544 
 -11.      50.      20.64    22.704 
  -1.      40.      18.64    56.144 
  -1.      50.      18.64   123.024 
 -11.      60.      18.64   123.024 
  -6.      50.      18.64    89.584 
 -11.      50.      18.64    56.144 
  -6.      40.      18.64    22.704 
  -6.      50.      16.19   106.854 
  -1.      40.      16.19    78.804 
 -11.      50.      16.19    78.804 
  -6.      40.      16.19    50.754 
 -11.      40.      16.19    22.704 
  -5.      58.      20.64   128.656 
  -7.      60.      20.64   128.656 
  -6.      58.      20.64   121.088 
  -7.      58.      20.64   113.52  
  -5.      56.      20.24   120.208 
  -5.      58.      20.24   133.584 
  -7.      60.      20.24   133.584 
  -6.      58.      20.24   126.896 
  -7.      58.      20.24   120.208 
  -6.      56.      20.24   113.52  
  -6.      58.      19.75   130.35  
  -5.      56.      19.75   124.74  
  -7.      58.      19.75   124.74  
  -6.      56.      19.75   119.13  
  -7.      56.      19.75   113.52  
 -10.      58.      20.64    90.816 
  -5.      48.      20.64    52.976 
 -10.      48.      20.64    15.136 
   0.      38.      18.64    48.576 
   0.      48.      18.64   115.456 
 -10.      58.      18.64   115.456 
  -5.      48.      18.64    82.016 
 -10.      48.      18.64    48.576 
  -5.      38.      18.64    15.136 
  -5.      48.      16.19    99.286 
   0.      38.      16.19    71.236 
 -10.      48.      16.19    71.236 
  -5.      38.      16.19    43.186 
 -10.      38.      16.19    15.136 
  -2.      50.      20.64    90.816 
  -1.      48.      20.64    83.248 
  -2.      48.      20.64    75.68  
   0.      46.      20.24    82.368 
   0.      48.      20.24    95.744 
  -2.      50.      20.24    95.744 
  -1.      48.      20.24    89.056 
  -2.      48.      20.24    82.368 
  -1.      46.      20.24    75.68  
  -1.      48.      19.75    92.51  
   0.      46.      19.75    86.9   
  -2.      48.      19.75    86.9   
  -1.      46.      19.75    81.29  
  -2.      46.      19.75    75.68  
  -7.      50.      20.64    52.976 
 -12.      50.      20.64    15.136 
  -2.      40.      18.64    48.576 
  -2.      50.      18.64   115.456 
 -12.      60.      18.64   115.456 
  -7.      50.      18.64    82.016 
 -12.      50.      18.64    48.576 
  -7.      40.      18.64    15.136 
  -7.      50.      16.19    99.286 
  -2.      40.      16.19    71.236 
 -12.      50.      16.19    71.236 
  -7.      40.      16.19    43.186 
 -12.      40.      16.19    15.136 
 -11.      58.      20.64    83.248 
 -12.      58.      20.64    75.68  
 -10.      56.      20.24    82.368 
 -10.      58.      20.24    95.744 
 -12.      60.      20.24    95.744 
 -11.      58.      20.24    89.056 
 -12.      58.      20.24    82.368 
 -11.      56.      20.24    75.68  
 -11.      58.      19.75    92.51  
 -10.      56.      19.75    86.9   
 -12.      58.      19.75    86.9   
 -11.      56.      19.75    81.29  
 -12.      56.      19.75    75.68  
 -11.      48.      20.64     7.568 
  -1.      38.      18.64    41.008 
  -1.      48.      18.64   107.888 
 -11.      58.      18.64   107.888 
  -6.      48.      18.64    74.448 
 -11.      48.      18.64    41.008 
  -6.      38.      18.64     7.568 
  -6.      48.      16.19    91.718 
  -1.      38.      16.19    63.668 
 -11.      48.      16.19    63.668 
  -6.      38.      16.19    35.618 
 -11.      38.      16.19     7.568 
  -7.      48.      20.64    37.84  
  -5.      46.      20.24    44.528 
  -5.      48.      20.24    57.904 
  -7.      50.      20.24    57.904 
  -6.      48.      20.24    51.216 
  -7.      48.      20.24    44.528 
  -6.      46.      20.24    37.84  
  -6.      48.      19.75    54.67  
  -5.      46.      19.75    49.06  
  -7.      48.      19.75    49.06  
  -6.      46.      19.75    43.45  
  -7.      46.      19.75    37.84  
  -2.      38.      18.64    33.44  
  -2.      48.      18.64   100.32  
 -12.      58.      18.64   100.32  
  -7.      48.      18.64    66.88  
 -12.      48.      18.64    33.44  
  -7.      38.      18.64     0.    
  -7.      48.      16.19    84.15  
  -2.      38.      16.19    56.1   
 -12.      48.      16.19    56.1   
  -7.      38.      16.19    28.05  
 -12.      38.      16.19     0.    
 -10.      46.      20.24     6.688 
 -10.      48.      20.24    20.064 
 -12.      50.      20.24    20.064 
 -11.      48.      20.24    13.376 
 -12.      48.      20.24     6.688 
 -11.      46.      20.24     0.    
 -11.      48.      19.75    16.83  
 -10.      46.      19.75    11.22  
 -12.      48.      19.75    11.22  
 -11.      46.      19.75     5.61  
 -12.      46.      19.75     0.    
   0.      46.      18.24   107.008 
 -10.      56.      18.24   107.008 
  -5.      46.      18.24    73.568 
 -10.      46.      18.24    40.128 
  -5.      36.      18.24     6.688 
  -5.      46.      15.79    90.838 
   0.      36.      15.79    62.788 
 -10.      46.      15.79    62.788 
  -5.      36.      15.79    34.738 
 -10.      36.      15.79     6.688 
   0.      38.      18.24    53.504 
  -2.      40.      18.24    53.504 
  -1.      38.      18.24    46.816 
  -2.      38.      18.24    40.128 
  -1.      36.      18.24    33.44  
  -1.      38.      17.75    50.27  
   0.      36.      17.75    44.66  
  -2.      38.      17.75    44.66  
  -1.      36.      17.75    39.05  
  -2.      36.      17.75    33.44  
 -10.      58.      18.24   120.384 
  -5.      48.      18.24    86.944 
 -10.      48.      18.24    53.504 
  -5.      38.      18.24    20.064 
  -5.      48.      15.79   104.214 
   0.      38.      15.79    76.164 
 -10.      48.      15.79    76.164 
  -5.      38.      15.79    48.114 
 -10.      38.      15.79    20.064 
  -2.      50.      18.24   120.384 
  -1.      48.      18.24   113.696 
  -2.      48.      18.24   107.008 
  -1.      46.      18.24   100.32  
  -1.      48.      17.75   117.15  
   0.      46.      17.75   111.54  
  -2.      48.      17.75   111.54  
  -1.      46.      17.75   105.93  
  -2.      46.      17.75   100.32  
  -7.      50.      18.24    86.944 
 -12.      50.      18.24    53.504 
  -7.      40.      18.24    20.064 
  -7.      50.      15.79   104.214 
  -2.      40.      15.79    76.164 
 -12.      50.      15.79    76.164 
  -7.      40.      15.79    48.114 
 -12.      40.      15.79    20.064 
 -11.      58.      18.24   113.696 
 -12.      58.      18.24   107.008 
 -11.      56.      18.24   100.32  
 -11.      58.      17.75   117.15  
 -10.      56.      17.75   111.54  
 -12.      58.      17.75   111.54  
 -11.      56.      17.75   105.93  
 -12.      56.      17.75   100.32  
 -11.      48.      18.24    46.816 
  -6.      38.      18.24    13.376 
  -6.      48.      15.79    97.526 
  -1.      38.      15.79    69.476 
 -11.      48.      15.79    69.476 
  -6.      38.      15.79    41.426 
 -11.      38.      15.79    13.376 
  -7.      48.      18.24    73.568 
  -6.      46.      18.24    66.88  
  -6.      48.      17.75    83.71  
  -5.      46.      17.75    78.1   
  -7.      48.      17.75    78.1   
  -6.      46.      17.75    72.49  
  -7.      46.      17.75    66.88  
  -7.      38.      18.24     6.688 
  -7.      48.      15.79    90.838 
  -2.      38.      15.79    62.788 
 -12.      48.      15.79    62.788 
  -7.      38.      15.79    34.738 
 -12.      38.      15.79     6.688 
 -11.      46.      18.24    33.44  
 -11.      48.      17.75    50.27  
 -10.      46.      17.75    44.66  
 -12.      48.      17.75    44.66  
 -11.      46.      17.75    39.05  
 -12.      46.      17.75    33.44  
  -6.      46.      15.79    84.15  
  -1.      36.      15.79    56.1   
 -11.      46.      15.79    56.1   
  -6.      36.      15.79    28.05  
 -11.      36.      15.79     0.    
  -6.      38.      17.75    16.83  
  -5.      36.      17.75    11.22  
  -7.      38.      17.75    11.22  
  -6.      36.      17.75     5.61  
  -7.      36.      17.75     0.    
  -1.      38.      15.3     72.93  
 -11.      48.      15.3     72.93  
  -6.      38.      15.3     44.88  
 -11.      38.      15.3     16.83  
  -5.      46.      15.3     95.37  
  -7.      48.      15.3     95.37  
  -6.      46.      15.3     89.76  
  -7.      46.      15.3     84.15  
 -10.      46.      15.3     67.32  
  -5.      36.      15.3     39.27  
 -10.      36.      15.3     11.22  
  -2.      38.      15.3     67.32  
  -1.      36.      15.3     61.71  
  -2.      36.      15.3     56.1   
  -7.      38.      15.3     39.27  
 -12.      38.      15.3     11.22  
 -11.      46.      15.3     61.71  
 -12.      46.      15.3     56.1   
 -11.      36.      15.3      5.61  
  -7.      36.      15.3     28.05  
