-12.      36.      15.3      0.    
  -6.      36.      15.3     33.66  
 -12.      48.      15.3     67.32  
   0.      36.      15.3     67.32  
  -6.      48.      15.3    100.98  
  -6.      36.      18.24     0.    
 -12.      48.      18.24    40.128 
  -6.      48.      18.24    80.256 
 -12.      60.      18.24   120.384 
   0.      48.      18.24   120.384 
   0.      36.      18.24    40.128 
 -12.      48.      20.64     0.    
  -6.      48.      20.64    45.408 
 -12.      60.      20.64    90.816 
   0.      48.      20.64    90.816 
  -6.      60.      20.64   136.224 
   0.      36.      20.64     0.    
  -6.      36.      13.14     0.    
 -12.      48.      13.14    28.908 
  -6.      48.      13.14    57.816 
 -12.      60.      13.14    86.724 
   0.      48.      13.14    86.724 
   0.      36.      13.14    28.908 
 -12.      48.      15.48     0.    
  -6.      48.      15.48    34.056 
 -12.      60.      15.48    68.112 
   0.      48.      15.48    68.112 
  -6.      60.      15.48   102.168 
   0.      36.      15.48     0.    
   6.      18.      15.3     39.015 
   6.      18.      15.3     46.512 
   6.      18.      15.3     52.632 
   6.      18.      15.3     33.507 
   6.      18.      15.3     39.474 
   6.      24.      15.3     72.675 
   6.      24.      15.3     80.172 
   6.      24.      15.3     86.292 
   6.      24.      15.3     67.167 
   6.      24.      15.3     73.134 
  -6.      36.      15.3     72.675 
  -6.      36.      15.3     72.675 
  -6.      36.      15.3     80.172 
  -6.      36.      15.3     67.167 
   6.      30.      15.3    106.335 
   6.      30.      15.3    106.335 
   6.      30.      15.3    113.832 
   6.      30.      15.3    113.832 
   6.      30.      15.3    119.952 
   6.      30.      15.3    119.952 
   6.      30.      15.3    100.827 
   6.      30.      15.3    100.827 
   6.      30.      15.3    106.794 
   6.      30.      15.3    106.794 
 -12.      48.      15.3    106.335 
  -6.      42.      15.3    106.335 
  -6.      42.      15.3    106.335 
  -6.      42.      15.3    106.335 
  -6.      42.      15.3    113.832 
  -6.      42.      15.3    113.832 
  -6.      42.      15.3    119.952 
  -6.      42.      15.3    100.827 
  -6.      42.      15.3    100.827 
  -6.      42.      15.3    106.794 
   0.      36.      15.3    106.335 
   0.      36.      15.3    106.335 
   0.      36.      15.3    113.832 
   0.      36.      15.3    113.832 
   0.      36.      15.3    119.952 
   0.      36.      15.3    119.952 
   0.      36.      15.3    100.827 
   0.      36.      15.3    100.827 
   0.      36.      15.3    106.794 
   0.      36.      15.3    106.794 
   0.      42.      15.3    139.995 
   0.      42.      15.3    147.492 
   0.      42.      15.3    153.612 
   0.      42.      15.3    134.487 
   0.      42.      15.3    140.454 
   0.      30.      15.3     72.675 
   0.      30.      15.3     72.675 
   0.      30.      15.3     80.172 
   0.      30.      15.3     80.172 
   0.      30.      15.3     86.292 
   0.      30.      15.3     67.167 
   0.      30.      15.3     67.167 
   0.      30.      15.3     73.134 
   0.      24.      15.3     39.015 
   0.      24.      15.3     39.015 
   0.      24.      15.3     39.015 
   0.      24.      15.3     46.512 
   0.      24.      15.3     33.507 
   6.      24.      18.24    46.512 
   6.      24.      18.24    55.4496
   6.      24.      18.24    62.7456
   6.      24.      18.24    39.9456
   6.      24.      18.24    47.0592
  -6.      36.      18.24    46.512 
  -6.      36.      18.24    46.512 
  -6.      36.      18.24    55.4496
  -6.      36.      18.24    39.9456
   6.      30.      18.24    86.64  
   6.      30.      18.24    86.64  
   6.      30.      18.24    95.5776
   6.      30.      18.24    95.5776
   6.      30.      18.24   102.8736
   6.      30.      18.24   102.8736
   6.      30.      18.24    80.0736
   6.      30.      18.24    80.0736
   6.      30.      18.24    87.1872
   6.      30.      18.24    87.1872
 -12.      48.      18.24    86.64  
  -6.      42.      18.24    86.64  
  -6.      42.      18.24    86.64  
  -6.      42.      18.24    86.64  
  -6.      42.      18.24    95.5776
  -6.      42.      18.24    95.5776
  -6.      42.      18.24   102.8736
  -6.      42.      18.24    80.0736
  -6.      42.      18.24    80.0736
  -6.      42.      18.24    87.1872
 -12.      54.      18.24   126.768 
 -12.      54.      18.24   135.7056
 -12.      54.      18.24   120.2016
  -6.      48.      18.24   126.768 
  -6.      48.      18.24   126.768 
  -6.      48.      18.24   126.768 
  -6.      48.      18.24   135.7056
  -6.      48.      18.24   135.7056
  -6.      48.      18.24   135.7056
  -6.      48.      18.24   143.0016
  -6.      48.      18.24   143.0016
  -6.      48.      18.24   120.2016
  -6.      48.      18.24   120.2016
  -6.      48.      18.24   120.2016
  -6.      48.      18.24   127.3152
  -6.      48.      18.24   127.3152
   0.      42.      18.24   126.768 
   0.      42.      18.24   126.768 
   0.      42.      18.24   135.7056
   0.      42.      18.24   135.7056
   0.      42.      18.24   135.7056
   0.      42.      18.24   143.0016
   0.      42.      18.24   143.0016
   0.      42.      18.24   143.0016
   0.      42.      18.24   120.2016
   0.      42.      18.24   120.2016
   0.      42.      18.24   120.2016
   0.      42.      18.24   127.3152
   0.      42.      18.24   127.3152
   0.      42.      18.24   127.3152
   0.      36.      18.24    86.64  
   0.      36.      18.24    86.64  
   0.      36.      18.24    95.5776
   0.      36.      18.24    95.5776
   0.      36.      18.24   102.8736
   0.      36.      18.24   102.8736
   0.      36.      18.24    80.0736
   0.      36.      18.24    80.0736
   0.      36.      18.24    87.1872
   0.      36.      18.24    87.1872
   0.      30.      18.24    46.512 
   0.      30.      18.24    46.512 
   0.      30.      18.24    55.4496
   0.      30.      18.24    55.4496
   0.      30.      18.24    62.7456
   0.      30.      18.24    39.9456
   0.      30.      18.24    39.9456
   0.      30.      18.24    47.0592
   6.      30.      20.64    52.632 
   6.      30.      20.64    52.632 
   6.      30.      20.64    62.7456
   6.      30.      20.64    62.7456
   6.      30.      20.64    71.0016
   6.      30.      20.64    71.0016
   6.      30.      20.64    45.2016
   6.      30.      20.64    45.2016
   6.      30.      20.64    53.2512
   6.      30.      20.64    53.2512
 -12.      48.      20.64    52.632 
  -6.      42.      20.64    52.632 
  -6.      42.      20.64    52.632 
  -6.      42.      20.64    52.632 
  -6.      42.      20.64    62.7456
  -6.      42.      20.64    62.7456
  -6.      42.      20.64    71.0016
  -6.      42.      20.64    45.2016
  -6.      42.      20.64    45.2016
  -6.      42.      20.64    53.2512
 -12.      54.      20.64    98.04  
 -12.      54.      20.64   108.1536
 -12.      54.      20.64    90.6096
  -6.      48.      20.64    98.04  
  -6.      48.      20.64    98.04  
  -6.      48.      20.64    98.04  
  -6.      48.      20.64   108.1536
  -6.      48.      20.64   108.1536
  -6.      48.      20.64   108.1536
  -6.      48.      20.64   116.4096
  -6.      48.      20.64   116.4096
  -6.      48.      20.64    90.6096
  -6.      48.      20.64    90.6096
  -6.      48.      20.64    90.6096
  -6.      48.      20.64    98.6592
  -6.      48.      20.64    98.6592
 -12.      60.      20.64   143.448 
 -12.      60.      20.64   153.5616
 -12.      60.      20.64   161.8176
 -12.      60.      20.64   136.0176
 -12.      60.      20.64   144.0672
  -6.      54.      20.64   143.448 
  -6.      54.      20.64   143.448 
  -6.      54.      20.64   143.448 
  -6.      54.      20.64   153.5616
  -6.      54.      20.64   153.5616
  -6.      54.      20.64   153.5616
  -6.      54.      20.64   161.8176
  -6.      54.      20.64   161.8176
  -6.      54.      20.64   161.8176
  -6.      54.      20.64   136.0176
  -6.      54.      20.64   136.0176
  -6.      54.      20.64   136.0176
  -6.      54.      20.64   144.0672
  -6.      54.      20.64   144.0672
  -6.      54.      20.64   144.0672
   0.      42.      20.64    98.04  
   0.      42.      20.64    98.04  
   0.      42.      20.64   108.1536
   0.      42.      20.64   108.1536
   0.      42.      20.64   108.1536
   0.      42.      20.64   116.4096
   0.      42.      20.64   116.4096
   0.      42.      20.64   116.4096
   0.      42.      20.64    90.6096
   0.      42.      20.64    90.6096
   0.      42.      20.64    90.6096
   0.      42.      20.64    98.6592
   0.      42.      20.64    98.6592
   0.      42.      20.64    98.6592
   0.      36.      20.64    52.632 
   0.      36.      20.64    52.632 
   0.      36.      20.64    62.7456
   0.      36.      20.64    62.7456
   0.      36.      20.64    71.0016
   0.      36.      20.64    71.0016
   0.      36.      20.64    45.2016
   0.      36.      20.64    45.2016
   0.      36.      20.64    53.2512
   0.      36.      20.64    53.2512
   6.      24.      13.14    33.507 
   6.      24.      13.14    39.9456
   6.      24.      13.14    45.2016
   6.      24.      13.14    28.7766
   6.      24.      13.14    33.9012
  -6.      36.      13.14    33.507 
  -6.      36.      13.14    33.507 
  -6.      36.      13.14    39.9456
  -6.      36.      13.14    28.7766
   6.      30.      13.14    62.415 
   6.      30.      13.14    62.415 
   6.      30.      13.14    68.8536
   6.      30.      13.14    68.8536
   6.      30.      13.14    74.1096
   6.      30.      13.14    74.1096
   6.      30.      13.14    57.6846
   6.      30.      13.14    57.6846
   6.      30.      13.14    62.8092
   6.      30.      13.14    62.8092
 -12.      48.      13.14    62.415 
  -6.      42.      13.14    62.415 
  -6.      42.      13.14    62.415 
  -6.      42.      13.14    62.415 
  -6.      42.      13.14    68.8536
  -6.      42.      13.14    68.8536
  -6.      42.      13.14    74.1096
  -6.      42.      13.14    57.6846
  -6.      42.      13.14    57.6846
  -6.      42.      13.14    62.8092
 -12.      54.      13.14    91.323 
 -12.      54.      13.14    97.7616
 -12.      54.      13.14    86.5926
  -6.      48.      13.14    91.323 
  -6.      48.      13.14    91.323 
  -6.      48.      13.14    91.323 
  -6.      48.      13.14    97.7616
  -6.      48.      13.14    97.7616
  -6.      48.      13.14    97.7616
  -6.      48.      13.14   103.0176
  -6.      48.      13.14   103.0176
  -6.      48.      13.14    86.5926
  -6.      48.      13.14    86.5926
  -6.      48.      13.14    86.5926
  -6.      48.      13.14    91.7172
  -6.      48.      13.14    91.7172
   0.      42.      13.14    91.323 
   0.      42.      13.14    91.323 
   0.      42.      13.14    97.7616
   0.      42.      13.14    97.7616
   0.      42.      13.14    97.7616
   0.      42.      13.14   103.0176
   0.      42.      13.14   103.0176
   0.      42.      13.14   103.0176
   0.      42.      13.14    86.5926
   0.      42.      13.14    86.5926
   0.      42.      13.14    86.5926
   0.      42.      13.14    91.7172
   0.      42.      13.14    91.7172
   0.      42.      13.14    91.7172
   0.      36.      13.14    62.415 
   0.      36.      13.14    62.415 
   0.      36.      13.14    68.8536
   0.      36.      13.14    68.8536
   0.      36.      13.14    74.1096
   0.      36.      13.14    74.1096
   0.      36.      13.14    57.6846
   0.      36.      13.14    57.6846
   0.      36.      13.14    62.8092
   0.      36.      13.14    62.8092
   0.      30.      13.14    33.507 
   0.      30.      13.14    33.507 
   0.      30.      13.14    39.9456
   0.      30.      13.14    39.9456
   0.      30.      13.14    45.2016
   0.      30.      13.14    28.7766
   0.      30.      13.14    28.7766
   0.      30.      13.14    33.9012
   6.      30.      15.48    39.474 
   6.      30.      15.48    39.474 
   6.      30.      15.48    47.0592
   6.      30.      15.48    47.0592
   6.      30.      15.48    53.2512
   6.      30.      15.48    53.2512
   6.      30.      15.48    33.9012
   6.      30.      15.48    33.9012
   6.      30.      15.48    39.9384
   6.      30.      15.48    39.9384
 -12.      48.      15.48    39.474 
  -6.      42.      15.48    39.474 
  -6.      42.      15.48    39.474 
  -6.      42.      15.48    39.474 
  -6.      42.      15.48    47.0592
  -6.      42.      15.48    47.0592
  -6.      42.      15.48    53.2512
  -6.      42.      15.48    33.9012
  -6.      42.      15.48    33.9012
  -6.      42.      15.48    39.9384
 -12.      54.      15.48    73.53  
 -12.      54.      15.48    81.1152
 -12.      54.      15.48    67.9572
  -6.      48.      15.48    73.53  
  -6.      48.      15.48    73.53  
  -6.      48.      15.48    73.53  
  -6.      48.      15.48    81.1152
  -6.      48.      15.48    81.1152
  -6.      48.      15.48    81.1152
  -6.      48.      15.48    87.3072
  -6.      48.      15.48    87.3072
  -6.      48.      15.48    67.9572
  -6.      48.      15.48    67.9572
  -6.      48.      15.48    67.9572
  -6.      48.      15.48    73.9944
  -6.      48.      15.48    73.9944
 -12.      60.      15.48   107.586 
 -12.      60.      15.48   115.1712
 -12.      60.      15.48   121.3632
 -12.      60.      15.48   102.0132
 -12.      60.      15.48   108.0504
  -6.      54.      15.48   107.586 
  -6.      54.      15.48   107.586 
  -6.      54.      15.48   107.586 
  -6.      54.      15.48   115.1712
  -6.      54.      15.48   115.1712
  -6.      54.      15.48   115.1712
  -6.      54.      15.48   121.3632
  -6.      54.      15.48   121.3632
  -6.      54.      15.48   121.3632
  -6.      54.      15.48   102.0132
  -6.      54.      15.48   102.0132
  -6.      54.      15.48   102.0132
  -6.      54.      15.48   108.0504
  -6.      54.      15.48   108.0504
  -6.      54.      15.48   108.0504
   0.      42.      15.48    73.53  
   0.      42.      15.48    73.53  
   0.      42.      15.48    81.1152
   0.      42.      15.48    81.1152
   0.      42.      15.48    81.1152
   0.      42.      15.48    87.3072
   0.      42.      15.48    87.3072
   0.      42.      15.48    87.3072
   0.      42.      15.48    67.9572
   0.      42.      15.48    67.9572
   0.      42.      15.48    67.9572
   0.      42.      15.48    73.9944
   0.      42.      15.48    73.9944
   0.      42.      15.48    73.9944
   0.      36.      15.48    39.474 
   0.      36.      15.48    39.474 
   0.      36.      15.48    47.0592
   0.      36.      15.48    47.0592
   0.      36.      15.48    53.2512
   0.      36.      15.48    53.2512
   0.      36.      15.48    33.9012
   0.      36.      15.48    33.9012
   0.      36.      15.48    39.9384
   0.      36.      15.48    39.9384
