-12.      36.      15.3      0.    
  -6.      36.      15.3     33.66  
 -12.      48.      15.3     67.32  
   0.      36.      15.3     67.32  
  -6.      48.      15.3    100.98  
  -6.      36.      18.24     0.    
 -12.      48.      18.24    40.128 
  -6.      48.      18.24    80.256 
 -12.      60.      18.24   120.384 
   0.      48.      18.24   120.384 
   0.      36.      18.24    40.128 
 -12.      48.      20.64     0.    
  -6.      48.      20.64    45.408 
 -12.      60.      20.64    90.816 
   0.      48.      20.64    90.816 
  -6.      60.      20.64   136.224 
   0.      36.      20.64     0.    
  -6.      36.      13.14     0.    
 -12.      48.      13.14    28.908 
  -6.      48.      13.14    57.816 
 -12.      60.      13.14    86.724 
   0.      48.      13.14    86.724 
   0.      36.      13.14    28.908 
 -12.      48.      15.48     0.    
  -6.      48.      15.48    34.056 
 -12.      60.      15.48    68.112 
   0.      48.      15.48    68.112 
  -6.      60.      15.48   102.168 
   0.      36.      15.48     0.    
   0.      42.      18.24   126.768 
   0.      42.      18.24   135.7056
   0.      42.      18.24   143.0016
   0.      42.      18.24   120.2016
   0.      42.      18.24   127.3152
   0.      42.      20.64    98.04  
   0.      42.      20.64   108.1536
   0.      42.      20.64   116.4096
   0.      42.      20.64    90.6096
   0.      42.      20.64    98.6592
   0.      42.      13.14    91.323 
   0.      42.      13.14    97.7616
   0.      42.      13.14   103.0176
   0.      42.      13.14    86.5926
   0.      42.      13.14    91.7172
   0.      42.      15.48    73.53  
   0.      42.      15.48    81.1152
   0.      42.      15.48    87.3072
   0.      42.      15.48    67.9572
   0.      42.      15.48    73.9944
