3
9
10
14
16
21
22
26
28
29
30
31
32
33
34
35
36
37
38
44
46
47
50
51
54
63
66
68
70
72
73
74
75
76
77
79
81
84
88
91
92
93
94
95
101
103
104
107
108
111
123
126
131
136
138
143
144
149
150
153
155
157
159
161
163
166
169
171
172
175
176
179
191
194
199
209
212
215
218
221
224
226
231
232
237
238
241
243
245
247
248
249
250
251
252
258
260
261
264
265
268
280
283
288
293
295
300
301
306
307
310
312
314
316
318
320
323
326
328
329
332
333
336
348
351
356
366
369
372
375
378
381
383
388
389
394
395
398
400
402
404
