1
4
5
7
12
15
17
19
24
27
40
43
46
48
51
52
53
54
55
89
91
94
97
100
114
130
132
136
138
158
161
166
175
178
181
185
188
191
215
221
224
228
231
234
237
240
245
248
252
255
258
260
263
270
273
276
295
297
300
303
306
320
336
338
342
344
364
367
372
379
403
409
412
416
419
422
425
428
433
436
441
448
458
470
474
480
483
489
492
495
498
502
505
509
512
515
517
520
530
532
536
538
558
561
566
573
597
603
606
610
613
616
623
633
645
649
655
658
664
665
669
677
684
692
699
707
710
713
718
721
726
729
732
736
739
753
755
758
761
764
778
794
796
800
802
822
825
830
837
861
867
870
874
877
880
883
886
891
894
899
906
916
928
932
938
941
947
950
953
956
960
963
967
970
973
975
978
988
990
994
996
1016
1019
1024
1031
1055
1061
1064
1068
1071
1074
1081
1091
1103
1107
1113
1116
1122
1123
1127
1135
1142
1150
1157
1165
1168
1171
1176
1179
1184
1187
1190
1194
1197
