[[ 0.      7.      3.04   21.128 ]
 [ 0.      7.      3.04   22.6176]
 [ 0.      7.      3.04   23.8336]
 [ 0.      7.      3.04   20.0336]
 [ 0.      7.      3.04   21.2192]
 [ 0.      7.      3.44   16.34  ]
 [ 0.      7.      3.44   18.0256]
 [ 0.      7.      3.44   19.4016]
 [ 0.      7.      3.44   15.1016]
 [ 0.      7.      3.44   16.4432]
 [ 0.      7.      2.19   15.2205]
 [ 0.      7.      2.19   16.2936]
 [ 0.      7.      2.19   17.1696]
 [ 0.      7.      2.19   14.4321]
 [ 0.      7.      2.19   15.2862]
 [ 0.      7.      2.58   12.255 ]
 [ 0.      7.      2.58   13.5192]
 [ 0.      7.      2.58   14.5512]
 [ 0.      7.      2.58   11.3262]
 [ 0.      7.      2.58   12.3324]]
