[[-2.      6.      2.55    0.    ]
 [-1.      6.      2.55    5.61  ]
 [-2.      8.      2.55   11.22  ]
 [ 0.      6.      2.55   11.22  ]
 [-1.      8.      2.55   16.83  ]
 [-1.      6.      3.04    0.    ]
 [-2.      8.      3.04    6.688 ]
 [-1.      8.      3.04   13.376 ]
 [-2.     10.      3.04   20.064 ]
 [ 0.      8.      3.04   20.064 ]
 [ 0.      6.      3.04    6.688 ]
 [-2.      8.      3.44    0.    ]
 [-1.      8.      3.44    7.568 ]
 [-2.     10.      3.44   15.136 ]
 [ 0.      8.      3.44   15.136 ]
 [-1.     10.      3.44   22.704 ]
 [ 0.      6.      3.44    0.    ]
 [-1.      6.      2.19    0.    ]
 [-2.      8.      2.19    4.818 ]
 [-1.      8.      2.19    9.636 ]
 [-2.     10.      2.19   14.454 ]
 [ 0.      8.      2.19   14.454 ]
 [ 0.      6.      2.19    4.818 ]
 [-2.      8.      2.58    0.    ]
 [-1.      8.      2.58    5.676 ]
 [-2.     10.      2.58   11.352 ]
 [ 0.      8.      2.58   11.352 ]
 [-1.     10.      2.58   17.028 ]
 [ 0.      6.      2.58    0.    ]
 [ 0.      7.      3.04   21.128 ]
 [ 0.      7.      3.04   22.6176]
 [ 0.      7.      3.04   23.8336]
 [ 0.      7.      3.04   20.0336]
 [ 0.      7.      3.04   21.2192]
 [ 0.      7.      3.44   16.34  ]
 [ 0.      7.      3.44   18.0256]
 [ 0.      7.      3.44   19.4016]
 [ 0.      7.      3.44   15.1016]
 [ 0.      7.      3.44   16.4432]
 [ 0.      7.      2.19   15.2205]
 [ 0.      7.      2.19   16.2936]
 [ 0.      7.      2.19   17.1696]
 [ 0.      7.      2.19   14.4321]
 [ 0.      7.      2.19   15.2862]
 [ 0.      7.      2.58   12.255 ]
 [ 0.      7.      2.58   13.5192]
 [ 0.      7.      2.58   14.5512]
 [ 0.      7.      2.58   11.3262]
 [ 0.      7.      2.58   12.3324]]
