  0.      42.      15.48    69.9696
   0.      42.      15.48    82.8696
   0.      42.      15.48    78.7416
   0.      42.      15.48    73.6848
   0.      42.      13.92    85.8096
   0.      42.      13.92    82.3932
   0.      42.      13.92    93.3432
   0.      42.      13.92    89.8392
   0.      42.      13.92    85.5468
   0.      42.      18.92    90.4376
   0.      42.      18.92    85.0712
   0.      42.      18.92   102.2712
   0.      42.      18.92    96.7672
   0.      42.      18.92    90.0248
   0.      42.      17.32   109.5416
   0.      42.      17.32   104.7992
   0.      42.      17.32   119.9992
   0.      42.      17.32   115.1352
   0.      42.      17.32   109.1768
   0.      38.      15.48    24.6648
  -4.      54.      15.48    92.7768
   0.      46.      15.48    70.0728
  -8.      54.      15.48    70.0728
  -4.      46.      15.48    47.3688
  -8.      46.      15.48    24.6648
   0.      38.      13.92    43.9368
   0.      46.      13.92    82.4808
  -8.      54.      13.92    82.4808
  -4.      46.      13.92    63.2088
  -8.      46.      13.92    43.9368
  -4.      38.      13.92    24.6648
   0.      38.      18.92    24.6648
  -4.      54.      18.92   115.4808
   0.      46.      18.92    85.2088
  -8.      54.      18.92    85.2088
  -4.      46.      18.92    54.9368
  -8.      46.      18.92    24.6648
   0.      38.      17.32    51.4168
   0.      46.      17.32   104.9208
  -8.      54.      17.32   104.9208
  -4.      46.      17.32    78.1688
  -8.      46.      17.32    51.4168
  -4.      38.      17.32    24.6648
  -4.      46.      15.36    91.9848
   0.      38.      15.36    69.5448
  -8.      46.      15.36    69.5448
  -4.      38.      15.36    47.1048
  -8.      38.      15.36    24.6648
   0.      42.      15.48    71.982 
   0.      42.      15.48    78.432 
   0.      42.      15.48    76.368 
   0.      42.      15.48    73.8396
   0.      42.      14.7     79.902 
   0.      42.      14.7     78.1938
   0.      42.      14.7     83.6688
   0.      42.      14.7     81.9168
   0.      42.      14.7     79.7706
   0.      42.      17.2     82.216 
   0.      42.      17.2     79.5328
   0.      42.      17.2     88.1328
   0.      42.      17.2     85.3808
   0.      42.      17.2     82.0096
   0.      42.      16.4     91.768 
   0.      42.      16.4     89.3968
   0.      42.      16.4     96.9968
   0.      42.      16.4     94.5648
   0.      42.      16.4     91.5856
   0.      40.      15.48    49.3296
  -2.      48.      15.48    83.3856
   0.      44.      15.48    72.0336
  -4.      48.      15.48    72.0336
  -2.      44.      15.48    60.6816
  -4.      44.      15.48    49.3296
   0.      40.      14.7     58.9656
   0.      44.      14.7     78.2376
  -4.      48.      14.7     78.2376
  -2.      44.      14.7     68.6016
  -4.      44.      14.7     58.9656
  -2.      40.      14.7     49.3296
   0.      40.      17.2     49.3296
  -2.      48.      17.2     94.7376
   0.      44.      17.2     79.6016
  -4.      48.      17.2     79.6016
  -2.      44.      17.2     64.4656
  -4.      44.      17.2     49.3296
   0.      40.      16.4     62.7056
   0.      44.      16.4     89.4576
  -4.      48.      16.4     89.4576
  -2.      44.      16.4     76.0816
  -4.      44.      16.4     62.7056
  -2.      40.      16.4     49.3296
  -2.      44.      15.42    82.9896
   0.      40.      15.42    71.7696
  -4.      44.      15.42    71.7696
  -2.      40.      15.42    60.5496
  -4.      40.      15.42    49.3296
   0.      42.      15.48    80.8572
   0.      42.      15.48    76.7292
   0.      42.      15.48    71.6724
   0.      42.      13.92    83.7972
   0.      42.      13.92    80.3808
   0.      42.      13.92    91.3308
   0.      42.      13.92    87.8268
   0.      42.      13.92    83.5344
   0.      42.      18.92    88.4252
   0.      42.      18.92    83.0588
   0.      42.      18.92   100.2588
   0.      42.      18.92    94.7548
   0.      42.      18.92    88.0124
   0.      42.      17.32   107.5292
   0.      42.      17.32   102.7868
   0.      42.      17.32   117.9868
   0.      42.      17.32   113.1228
   0.      42.      17.32   107.1644
   0.      38.      15.48    22.6524
  -4.      54.      15.48    90.7644
   0.      46.      15.48    68.0604
  -8.      54.      15.48    68.0604
  -4.      46.      15.48    45.3564
  -8.      46.      15.48    22.6524
   0.      38.      13.92    41.9244
   0.      46.      13.92    80.4684
  -8.      54.      13.92    80.4684
  -4.      46.      13.92    61.1964
  -8.      46.      13.92    41.9244
  -4.      38.      13.92    22.6524
   0.      38.      18.92    22.6524
  -4.      54.      18.92   113.4684
   0.      46.      18.92    83.1964
  -8.      54.      18.92    83.1964
  -4.      46.      18.92    52.9244
  -8.      46.      18.92    22.6524
   0.      38.      17.32    49.4044
   0.      46.      17.32   102.9084
  -8.      54.      17.32   102.9084
  -4.      46.      17.32    76.1564
  -8.      46.      17.32    49.4044
  -4.      38.      17.32    22.6524
  -4.      46.      15.36    89.9724
   0.      38.      15.36    67.5324
  -8.      46.      15.36    67.5324
  -4.      38.      15.36    45.0924
  -8.      38.      15.36    22.6524
   0.      42.      15.48    74.4072
   0.      42.      15.48    72.3432
   0.      42.      15.48    69.8148
   0.      42.      14.7     75.8772
   0.      42.      14.7     74.169 
   0.      42.      14.7     79.644 
   0.      42.      14.7     77.892 
   0.      42.      14.7     75.7458
   0.      42.      17.2     78.1912
   0.      42.      17.2     75.508 
   0.      42.      17.2     84.108 
   0.      42.      17.2     81.356 
   0.      42.      17.2     77.9848
   0.      42.      16.4     87.7432
   0.      42.      16.4     85.372 
   0.      42.      16.4     92.972 
   0.      42.      16.4     90.54  
   0.      42.      16.4     87.5608
   0.      40.      15.48    45.3048
  -2.      48.      15.48    79.3608
   0.      44.      15.48    68.0088
  -4.      48.      15.48    68.0088
  -2.      44.      15.48    56.6568
  -4.      44.      15.48    45.3048
   0.      40.      14.7     54.9408
   0.      44.      14.7     74.2128
  -4.      48.      14.7     74.2128
  -2.      44.      14.7     64.5768
  -4.      44.      14.7     54.9408
  -2.      40.      14.7     45.3048
   0.      40.      17.2     45.3048
  -2.      48.      17.2     90.7128
   0.      44.      17.2     75.5768
  -4.      48.      17.2     75.5768
  -2.      44.      17.2     60.4408
  -4.      44.      17.2     45.3048
   0.      40.      16.4     58.6808
   0.      44.      16.4     85.4328
  -4.      48.      16.4     85.4328
  -2.      44.      16.4     72.0568
  -4.      44.      16.4     58.6808
  -2.      40.      16.4     45.3048
  -2.      44.      15.42    78.9648
   0.      40.      15.42    67.7448
  -4.      44.      15.42    67.7448
  -2.      40.      15.42    56.5248
  -4.      40.      15.42    45.3048
   0.      42.      15.48    83.1792
   0.      42.      15.48    78.1224
   0.      42.      13.92    90.2472
   0.      42.      13.92    86.8308
   0.      42.      13.92    97.7808
   0.      42.      13.92    94.2768
   0.      42.      13.92    89.9844
   0.      42.      18.92    94.8752
   0.      42.      18.92    89.5088
   0.      42.      18.92   106.7088
   0.      42.      18.92   101.2048
   0.      42.      18.92    94.4624
   0.      42.      17.32   113.9792
   0.      42.      17.32   109.2368
   0.      42.      17.32   124.4368
   0.      42.      17.32   119.5728
   0.      42.      17.32   113.6144
   0.      38.      15.48    29.1024
  -4.      54.      15.48    97.2144
   0.      46.      15.48    74.5104
  -8.      54.      15.48    74.5104
  -4.      46.      15.48    51.8064
  -8.      46.      15.48    29.1024
   0.      38.      13.92    48.3744
   0.      46.      13.92    86.9184
  -8.      54.      13.92    86.9184
  -4.      46.      13.92    67.6464
  -8.      46.      13.92    48.3744
  -4.      38.      13.92    29.1024
   0.      38.      18.92    29.1024
  -4.      54.      18.92   119.9184
   0.      46.      18.92    89.6464
  -8.      54.      18.92    89.6464
  -4.      46.      18.92    59.3744
  -8.      46.      18.92    29.1024
   0.      38.      17.32    55.8544
   0.      46.      17.32   109.3584
  -8.      54.      17.32   109.3584
  -4.      46.      17.32    82.6064
  -8.      46.      17.32    55.8544
  -4.      38.      17.32    29.1024
  -4.      46.      15.36    96.4224
   0.      38.      15.36    73.9824
  -8.      46.      15.36    73.9824
  -4.      38.      15.36    51.5424
  -8.      38.      15.36    29.1024
   0.      42.      15.48    85.2432
   0.      42.      15.48    82.7148
   0.      42.      14.7     88.7772
   0.      42.      14.7     87.069 
   0.      42.      14.7     92.544 
   0.      42.      14.7     90.792 
   0.      42.      14.7     88.6458
   0.      42.      17.2     91.0912
   0.      42.      17.2     88.408 
   0.      42.      17.2     97.008 
   0.      42.      17.2     94.256 
   0.      42.      17.2     90.8848
   0.      42.      16.4    100.6432
   0.      42.      16.4     98.272 
   0.      42.      16.4    105.872 
   0.      42.      16.4    103.44  
   0.      42.      16.4    100.4608
   0.      40.      15.48    58.2048
  -2.      48.      15.48    92.2608
   0.      44.      15.48    80.9088
  -4.      48.      15.48    80.9088
  -2.      44.      15.48    69.5568
  -4.      44.      15.48    58.2048
   0.      40.      14.7     67.8408
   0.      44.      14.7     87.1128
  -4.      48.      14.7     87.1128
  -2.      44.      14.7     77.4768
  -4.      44.      14.7     67.8408
  -2.      40.      14.7     58.2048
   0.      40.      17.2     58.2048
  -2.      48.      17.2    103.6128
   0.      44.      17.2     88.4768
  -4.      48.      17.2     88.4768
  -2.      44.      17.2     73.3408
  -4.      44.      17.2     58.2048
   0.      40.      16.4     71.5808
   0.      44.      16.4     98.3328
  -4.      48.      16.4     98.3328
  -2.      44.      16.4     84.9568
  -4.      44.      16.4     71.5808
  -2.      40.      16.4     58.2048
  -2.      44.      15.42    91.8648
   0.      40.      15.42    80.6448
  -4.      44.      15.42    80.6448
  -2.      40.      15.42    69.4248
  -4.      40.      15.42    58.2048
   0.      42.      15.48    76.0584
   0.      42.      13.92    88.1832
   0.      42.      13.92    84.7668
   0.      42.      13.92    95.7168
   0.      42.      13.92    92.2128
   0.      42.      13.92    87.9204
   0.      42.      18.92    92.8112
   0.      42.      18.92    87.4448
   0.      42.      18.92   104.6448
   0.      42.      18.92    99.1408
   0.      42.      18.92    92.3984
   0.      42.      17.32   111.9152
   0.      42.      17.32   107.1728
   0.      42.      17.32   122.3728
   0.      42.      17.32   117.5088
   0.      42.      17.32   111.5504
   0.      38.      15.48    27.0384
  -4.      54.      15.48    95.1504
   0.      46.      15.48    72.4464
  -8.      54.      15.48    72.4464
  -4.      46.      15.48    49.7424
  -8.      46.      15.48    27.0384
   0.      38.      13.92    46.3104
   0.      46.      13.92    84.8544
  -8.      54.      13.92    84.8544
  -4.      46.      13.92    65.5824
  -8.      46.      13.92    46.3104
  -4.      38.      13.92    27.0384
   0.      38.      18.92    27.0384
  -4.      54.      18.92   117.8544
   0.      46.      18.92    87.5824
  -8.      54.      18.92    87.5824
  -4.      46.      18.92    57.3104
  -8.      46.      18.92    27.0384
   0.      38.      17.32    53.7904
   0.      46.      17.32   107.2944
  -8.      54.      17.32   107.2944
  -4.      46.      17.32    80.5424
  -8.      46.      17.32    53.7904
  -4.      38.      17.32    27.0384
  -4.      46.      15.36    94.3584
   0.      38.      15.36    71.9184
  -8.      46.      15.36    71.9184
  -4.      38.      15.36    49.4784
  -8.      38.      15.36    27.0384
   0.      42.      15.48    78.5868
   0.      42.      14.7     84.6492
   0.      42.      14.7     82.941 
   0.      42.      14.7     88.416 
   0.      42.      14.7     86.664 
   0.      42.      14.7     84.5178
   0.      42.      17.2     86.9632
   0.      42.      17.2     84.28  
   0.      42.      17.2     92.88  
   0.      42.      17.2     90.128 
   0.      42.      17.2     86.7568
   0.      42.      16.4     96.5152
   0.      42.      16.4     94.144 
   0.      42.      16.4    101.744 
   0.      42.      16.4     99.312 
   0.      42.      16.4     96.3328
   0.      40.      15.48    54.0768
  -2.      48.      15.48    88.1328
   0.      44.      15.48    76.7808
  -4.      48.      15.48    76.7808
  -2.      44.      15.48    65.4288
  -4.      44.      15.48    54.0768
   0.      40.      14.7     63.7128
   0.      44.      14.7     82.9848
  -4.      48.      14.7     82.9848
  -2.      44.      14.7     73.3488
  -4.      44.      14.7     63.7128
  -2.      40.      14.7     54.0768
   0.      40.      17.2     54.0768
  -2.      48.      17.2     99.4848
   0.      44.      17.2     84.3488
  -4.      48.      17.2     84.3488
  -2.      44.      17.2     69.2128
  -4.      44.      17.2     54.0768
   0.      40.      16.4     67.4528
   0.      44.      16.4     94.2048
  -4.      48.      16.4     94.2048
  -2.      44.      16.4     80.8288
  -4.      44.      16.4     67.4528
  -2.      40.      16.4     54.0768
  -2.      44.      15.42    87.7368
   0.      40.      15.42    76.5168
  -4.      44.      15.42    76.5168
  -2.      40.      15.42    65.2968
  -4.      40.      15.42    54.0768
   0.      42.      13.92    85.6548
   0.      42.      13.92    82.2384
   0.      42.      13.92    93.1884
   0.      42.      13.92    89.6844
   0.      42.      13.92    85.392 
   0.      42.      18.92    90.2828
   0.      42.      18.92    84.9164
   0.      42.      18.92   102.1164
   0.      42.      18.92    96.6124
   0.      42.      18.92    89.87  
   0.      42.      17.32   109.3868
   0.      42.      17.32   104.6444
   0.      42.      17.32   119.8444
   0.      42.      17.32   114.9804
   0.      42.      17.32   109.022 
   0.      38.      15.48    24.51  
  -4.      54.      15.48    92.622 
   0.      46.      15.48    69.918 
  -8.      54.      15.48    69.918 
  -4.      46.      15.48    47.214 
  -8.      46.      15.48    24.51  
   0.      38.      13.92    43.782 
   0.      46.      13.92    82.326 
  -8.      54.      13.92    82.326 
  -4.      46.      13.92    63.054 
  -8.      46.      13.92    43.782 
  -4.      38.      13.92    24.51  
   0.      38.      18.92    24.51  
  -4.      54.      18.92   115.326 
   0.      46.      18.92    85.054 
  -8.      54.      18.92    85.054 
  -4.      46.      18.92    54.782 
  -8.      46.      18.92    24.51  
   0.      38.      17.32    51.262 
   0.      46.      17.32   104.766 
  -8.      54.      17.32   104.766 
  -4.      46.      17.32    78.014 
  -8.      46.      17.32    51.262 
  -4.      38.      17.32    24.51  
  -4.      46.      15.36    91.83  
   0.      38.      15.36    69.39  
  -8.      46.      15.36    69.39  
  -4.      38.      15.36    46.95  
  -8.      38.      15.36    24.51  
   0.      42.      14.7     79.5924
   0.      42.      14.7     77.8842
   0.      42.      14.7     83.3592
   0.      42.      14.7     81.6072
   0.      42.      14.7     79.461 
   0.      42.      17.2     81.9064
   0.      42.      17.2     79.2232
   0.      42.      17.2     87.8232
   0.      42.      17.2     85.0712
   0.      42.      17.2     81.7   
   0.      42.      16.4     91.4584
   0.      42.      16.4     89.0872
   0.      42.      16.4     96.6872
   0.      42.      16.4     94.2552
   0.      42.      16.4     91.276 
   0.      40.      15.48    49.02  
  -2.      48.      15.48    83.076 
   0.      44.      15.48    71.724 
  -4.      48.      15.48    71.724 
  -2.      44.      15.48    60.372 
  -4.      44.      15.48    49.02  
   0.      40.      14.7     58.656 
   0.      44.      14.7     77.928 
  -4.      48.      14.7     77.928 
  -2.      44.      14.7     68.292 
  -4.      44.      14.7     58.656 
  -2.      40.      14.7     49.02  
   0.      40.      17.2     49.02  
  -2.      48.      17.2     94.428 
   0.      44.      17.2     79.292 
  -4.      48.      17.2     79.292 
  -2.      44.      17.2     64.156 
  -4.      44.      17.2     49.02  
   0.      40.      16.4     62.396 
   0.      44.      16.4     89.148 
  -4.      48.      16.4     89.148 
  -2.      44.      16.4     75.772 
  -4.      44.      16.4     62.396 
  -2.      40.      16.4     49.02  
  -2.      44.      15.42    82.68  
   0.      40.      15.42    71.46  
  -4.      44.      15.42    71.46  
  -2.      40.      15.42    60.24  
  -4.      40.      15.42    49.02  
   0.      42.      13.14    88.3008
   0.      42.      13.14    99.2508
   0.      42.      13.14    95.7468
   0.      42.      13.14    91.4544
   0.      42.      18.14    96.3452
   0.      42.      18.14    90.9788
   0.      42.      18.14   108.1788
   0.      42.      18.14   102.6748
   0.      42.      18.14    95.9324
   0.      42.      16.54   115.4492
   0.      42.      16.54   110.7068
   0.      42.      16.54   125.9068
   0.      42.      16.54   121.0428
   0.      42.      16.54   115.0844
   0.      38.      14.7     30.5724
  -4.      54.      14.7     98.6844
   0.      46.      14.7     75.9804
  -8.      54.      14.7     75.9804
  -4.      46.      14.7     53.2764
  -8.      46.      14.7     30.5724
   0.      38.      13.14    49.8444
   0.      46.      13.14    88.3884
  -8.      54.      13.14    88.3884
  -4.      46.      13.14    69.1164
  -8.      46.      13.14    49.8444
  -4.      38.      13.14    30.5724
   0.      38.      18.14    30.5724
  -4.      54.      18.14   121.3884
   0.      46.      18.14    91.1164
  -8.      54.      18.14    91.1164
  -4.      46.      18.14    60.8444
  -8.      46.      18.14    30.5724
   0.      38.      16.54    57.3244
   0.      46.      16.54   110.8284
  -8.      54.      16.54   110.8284
  -4.      46.      16.54    84.0764
  -8.      46.      16.54    57.3244
  -4.      38.      16.54    30.5724
  -4.      46.      14.58    97.8924
   0.      38.      14.58    75.4524
  -8.      46.      14.58    75.4524
  -4.      38.      14.58    53.0124
  -8.      38.      14.58    30.5724
   0.      42.      13.14    90.009 
   0.      42.      13.14    95.484 
   0.      42.      13.14    93.732 
   0.      42.      13.14    91.5858
   0.      42.      15.64    94.0312
   0.      42.      15.64    91.348 
   0.      42.      15.64    99.948 
   0.      42.      15.64    97.196 
   0.      42.      15.64    93.8248
   0.      42.      14.84   103.5832
   0.      42.      14.84   101.212 
   0.      42.      14.84   108.812 
   0.      42.      14.84   106.38  
   0.      42.      14.84   103.4008
   0.      40.      13.92    61.1448
  -2.      48.      13.92    95.2008
   0.      44.      13.92    83.8488
  -4.      48.      13.92    83.8488
  -2.      44.      13.92    72.4968
  -4.      44.      13.92    61.1448
   0.      40.      13.14    70.7808
   0.      44.      13.14    90.0528
  -4.      48.      13.14    90.0528
  -2.      44.      13.14    80.4168
  -4.      44.      13.14    70.7808
  -2.      40.      13.14    61.1448
   0.      40.      15.64    61.1448
  -2.      48.      15.64   106.5528
   0.      44.      15.64    91.4168
  -4.      48.      15.64    91.4168
  -2.      44.      15.64    76.2808
  -4.      44.      15.64    61.1448
   0.      40.      14.84    74.5208
   0.      44.      14.84   101.2728
  -4.      48.      14.84   101.2728
  -2.      44.      14.84    87.8968
  -4.      44.      14.84    74.5208
  -2.      40.      14.84    61.1448
  -2.      44.      13.86    94.8048
   0.      40.      13.86    83.5848
  -4.      44.      13.86    83.5848
  -2.      40.      13.86    72.3648
  -4.      40.      13.86    61.1448
   0.      42.      13.14    97.5426
   0.      42.      13.14    94.0386
   0.      42.      13.14    89.7462
   0.      42.      18.14    94.637 
   0.      42.      18.14    89.2706
   0.      42.      18.14   106.4706
   0.      42.      18.14   100.9666
   0.      42.      18.14    94.2242
   0.      42.      16.54   113.741 
   0.      42.      16.54   108.9986
   0.      42.      16.54   124.1986
   0.      42.      16.54   119.3346
   0.      42.      16.54   113.3762
   0.      38.      14.7     28.8642
  -4.      54.      14.7     96.9762
   0.      46.      14.7     74.2722
  -8.      54.      14.7     74.2722
  -4.      46.      14.7     51.5682
  -8.      46.      14.7     28.8642
   0.      38.      13.14    48.1362
   0.      46.      13.14    86.6802
  -8.      54.      13.14    86.6802
  -4.      46.      13.14    67.4082
  -8.      46.      13.14    48.1362
  -4.      38.      13.14    28.8642
   0.      38.      18.14    28.8642
  -4.      54.      18.14   119.6802
   0.      46.      18.14    89.4082
  -8.      54.      18.14    89.4082
  -4.      46.      18.14    59.1362
  -8.      46.      18.14    28.8642
   0.      38.      16.54    55.6162
   0.      46.      16.54   109.1202
  -8.      54.      16.54   109.1202
  -4.      46.      16.54    82.3682
  -8.      46.      16.54    55.6162
  -4.      38.      16.54    28.8642
  -4.      46.      14.58    96.1842
   0.      38.      14.58    73.7442
  -8.      46.      14.58    73.7442
  -4.      38.      14.58    51.3042
  -8.      38.      14.58    28.8642
   0.      42.      13.14    92.0676
   0.      42.      13.14    90.3156
   0.      42.      13.14    88.1694
   0.      42.      15.64    90.6148
   0.      42.      15.64    87.9316
   0.      42.      15.64    96.5316
   0.      42.      15.64    93.7796
   0.      42.      15.64    90.4084
   0.      42.      14.84   100.1668
   0.      42.      14.84    97.7956
   0.      42.      14.84   105.3956
   0.      42.      14.84   102.9636
   0.      42.      14.84    99.9844
   0.      40.      13.92    57.7284
  -2.      48.      13.92    91.7844
   0.      44.      13.92    80.4324
  -4.      48.      13.92    80.4324
  -2.      44.      13.92    69.0804
  -4.      44.      13.92    57.7284
   0.      40.      13.14    67.3644
   0.      44.      13.14    86.6364
  -4.      48.      13.14    86.6364
  -2.      44.      13.14    77.0004
  -4.      44.      13.14    67.3644
  -2.      40.      13.14    57.7284
   0.      40.      15.64    57.7284
  -2.      48.      15.64   103.1364
   0.      44.      15.64    88.0004
  -4.      48.      15.64    88.0004
  -2.      44.      15.64    72.8644
  -4.      44.      15.64    57.7284
   0.      40.      14.84    71.1044
   0.      44.      14.84    97.8564
  -4.      48.      14.84    97.8564
  -2.      44.      14.84    84.4804
  -4.      44.      14.84    71.1044
  -2.      40.      14.84    57.7284
  -2.      44.      13.86    91.3884
   0.      40.      13.86    80.1684
  -4.      44.      13.86    80.1684
  -2.      40.      13.86    68.9484
  -4.      40.      13.86    57.7284
   0.      42.      13.14    99.5136
   0.      42.      13.14    95.2212
   0.      42.      18.14   100.112 
   0.      42.      18.14    94.7456
   0.      42.      18.14   111.9456
   0.      42.      18.14   106.4416
   0.      42.      18.14    99.6992
   0.      42.      16.54   119.216 
   0.      42.      16.54   114.4736
   0.      42.      16.54   129.6736
   0.      42.      16.54   124.8096
   0.      42.      16.54   118.8512
   0.      38.      14.7     34.3392
  -4.      54.      14.7    102.4512
   0.      46.      14.7     79.7472
  -8.      54.      14.7     79.7472
  -4.      46.      14.7     57.0432
  -8.      46.      14.7     34.3392
   0.      38.      13.14    53.6112
   0.      46.      13.14    92.1552
  -8.      54.      13.14    92.1552
  -4.      46.      13.14    72.8832
  -8.      46.      13.14    53.6112
  -4.      38.      13.14    34.3392
   0.      38.      18.14    34.3392
  -4.      54.      18.14   125.1552
   0.      46.      18.14    94.8832
  -8.      54.      18.14    94.8832
  -4.      46.      18.14    64.6112
  -8.      46.      18.14    34.3392
   0.      38.      16.54    61.0912
   0.      46.      16.54   114.5952
  -8.      54.      16.54   114.5952
  -4.      46.      16.54    87.8432
  -8.      46.      16.54    61.0912
  -4.      38.      16.54    34.3392
  -4.      46.      14.58   101.6592
   0.      38.      14.58    79.2192
  -8.      46.      14.58    79.2192
  -4.      38.      14.58    56.7792
  -8.      38.      14.58    34.3392
   0.      42.      13.14   101.2656
   0.      42.      13.14    99.1194
   0.      42.      15.64   101.5648
   0.      42.      15.64    98.8816
   0.      42.      15.64   107.4816
   0.      42.      15.64   104.7296
   0.      42.      15.64   101.3584
   0.      42.      14.84   111.1168
   0.      42.      14.84   108.7456
   0.      42.      14.84   116.3456
   0.      42.      14.84   113.9136
   0.      42.      14.84   110.9344
   0.      40.      13.92    68.6784
  -2.      48.      13.92   102.7344
   0.      44.      13.92    91.3824
  -4.      48.      13.92    91.3824
  -2.      44.      13.92    80.0304
  -4.      44.      13.92    68.6784
   0.      40.      13.14    78.3144
   0.      44.      13.14    97.5864
  -4.      48.      13.14    97.5864
  -2.      44.      13.14    87.9504
  -4.      44.      13.14    78.3144
  -2.      40.      13.14    68.6784
   0.      40.      15.64    68.6784
  -2.      48.      15.64   114.0864
   0.      44.      15.64    98.9504
  -4.      48.      15.64    98.9504
  -2.      44.      15.64    83.8144
  -4.      44.      15.64    68.6784
   0.      40.      14.84    82.0544
   0.      44.      14.84   108.8064
  -4.      48.      14.84   108.8064
  -2.      44.      14.84    95.4304
  -4.      44.      14.84    82.0544
  -2.      40.      14.84    68.6784
  -2.      44.      13.86   102.3384
   0.      40.      13.86    91.1184
  -4.      44.      13.86    91.1184
  -2.      40.      13.86    79.8984
  -4.      40.      13.86    68.6784
   0.      42.      13.14    93.4692
   0.      42.      18.14    98.36  
   0.      42.      18.14    92.9936
   0.      42.      18.14   110.1936
   0.      42.      18.14   104.6896
   0.      42.      18.14    97.9472
   0.      42.      16.54   117.464 
   0.      42.      16.54   112.7216
   0.      42.      16.54   127.9216
   0.      42.      16.54   123.0576
   0.      42.      16.54   117.0992
   0.      38.      14.7     32.5872
  -4.      54.      14.7    100.6992
   0.      46.      14.7     77.9952
  -8.      54.      14.7     77.9952
  -4.      46.      14.7     55.2912
  -8.      46.      14.7     32.5872
   0.      38.      13.14    51.8592
   0.      46.      13.14    90.4032
  -8.      54.      13.14    90.4032
  -4.      46.      13.14    71.1312
  -8.      46.      13.14    51.8592
  -4.      38.      13.14    32.5872
   0.      38.      18.14    32.5872
  -4.      54.      18.14   123.4032
   0.      46.      18.14    93.1312
  -8.      54.      18.14    93.1312
  -4.      46.      18.14    62.8592
  -8.      46.      18.14    32.5872
   0.      38.      16.54    59.3392
   0.      46.      16.54   112.8432
  -8.      54.      16.54   112.8432
  -4.      46.      16.54    86.0912
  -8.      46.      16.54    59.3392
  -4.      38.      16.54    32.5872
  -4.      46.      14.58    99.9072
   0.      38.      14.58    77.4672
  -8.      46.      14.58    77.4672
  -4.      38.      14.58    55.0272
  -8.      38.      14.58    32.5872
   0.      42.      13.14    95.6154
   0.      42.      15.64    98.0608
   0.      42.      15.64    95.3776
   0.      42.      15.64   103.9776
   0.      42.      15.64   101.2256
   0.      42.      15.64    97.8544
   0.      42.      14.84   107.6128
   0.      42.      14.84   105.2416
   0.      42.      14.84   112.8416
   0.      42.      14.84   110.4096
   0.      42.      14.84   107.4304
   0.      40.      13.92    65.1744
  -2.      48.      13.92    99.2304
   0.      44.      13.92    87.8784
  -4.      48.      13.92    87.8784
  -2.      44.      13.92    76.5264
  -4.      44.      13.92    65.1744
   0.      40.      13.14    74.8104
   0.      44.      13.14    94.0824
  -4.      48.      13.14    94.0824
  -2.      44.      13.14    84.4464
  -4.      44.      13.14    74.8104
  -2.      40.      13.14    65.1744
   0.      40.      15.64    65.1744
  -2.      48.      15.64   110.5824
   0.      44.      15.64    95.4464
  -4.      48.      15.64    95.4464
  -2.      44.      15.64    80.3104
  -4.      44.      15.64    65.1744
   0.      40.      14.84    78.5504
   0.      44.      14.84   105.3024
  -4.      48.      14.84   105.3024
  -2.      44.      14.84    91.9264
  -4.      44.      14.84    78.5504
  -2.      40.      14.84    65.1744
  -2.      44.      13.86    98.8344
   0.      40.      13.86    87.6144
  -4.      44.      13.86    87.6144
  -2.      40.      13.86    76.3944
  -4.      40.      13.86    65.1744
   0.      42.      18.14    96.2138
   0.      42.      18.14    90.8474
   0.      42.      18.14   108.0474
   0.      42.      18.14   102.5434
   0.      42.      18.14    95.801 
   0.      42.      16.54   115.3178
   0.      42.      16.54   110.5754
   0.      42.      16.54   125.7754
   0.      42.      16.54   120.9114
   0.      42.      16.54   114.953 
   0.      38.      14.7     30.441 
  -4.      54.      14.7     98.553 
   0.      46.      14.7     75.849 
  -8.      54.      14.7     75.849 
  -4.      46.      14.7     53.145 
  -8.      46.      14.7     30.441 
   0.      38.      13.14    49.713 
   0.      46.      13.14    88.257 
  -8.      54.      13.14    88.257 
  -4.      46.      13.14    68.985 
  -8.      46.      13.14    49.713 
  -4.      38.      13.14    30.441 
   0.      38.      18.14    30.441 
  -4.      54.      18.14   121.257 
   0.      46.      18.14    90.985 
  -8.      54.      18.14    90.985 
  -4.      46.      18.14    60.713 
  -8.      46.      18.14    30.441 
   0.      38.      16.54    57.193 
   0.      46.      16.54   110.697 
  -8.      54.      16.54   110.697 
  -4.      46.      16.54    83.945 
  -8.      46.      16.54    57.193 
  -4.      38.      16.54    30.441 
  -4.      46.      14.58    97.761 
   0.      38.      14.58    75.321 
  -8.      46.      14.58    75.321 
  -4.      38.      14.58    52.881 
  -8.      38.      14.58    30.441 
   0.      42.      15.64    93.7684
   0.      42.      15.64    91.0852
   0.      42.      15.64    99.6852
   0.      42.      15.64    96.9332
   0.      42.      15.64    93.562 
   0.      42.      14.84   103.3204
   0.      42.      14.84   100.9492
   0.      42.      14.84   108.5492
   0.      42.      14.84   106.1172
   0.      42.      14.84   103.138 
   0.      40.      13.92    60.882 
  -2.      48.      13.92    94.938 
   0.      44.      13.92    83.586 
  -4.      48.      13.92    83.586 
  -2.      44.      13.92    72.234 
  -4.      44.      13.92    60.882 
   0.      40.      13.14    70.518 
   0.      44.      13.14    89.79  
  -4.      48.      13.14    89.79  
  -2.      44.      13.14    80.154 
  -4.      44.      13.14    70.518 
  -2.      40.      13.14    60.882 
   0.      40.      15.64    60.882 
  -2.      48.      15.64   106.29  
   0.      44.      15.64    91.154 
  -4.      48.      15.64    91.154 
  -2.      44.      15.64    76.018 
  -4.      44.      15.64    60.882 
   0.      40.      14.84    74.258 
   0.      44.      14.84   101.01  
  -4.      48.      14.84   101.01  
  -2.      44.      14.84    87.634 
  -4.      44.      14.84    74.258 
  -2.      40.      14.84    60.882 
  -2.      44.      13.86    94.542 
   0.      40.      13.86    83.322 
  -4.      44.      13.86    83.322 
  -2.      40.      13.86    72.102 
  -4.      40.      13.86    60.882 
   0.      42.      20.64    93.2928
   0.      42.      20.64   110.4928
   0.      42.      20.64   104.9888
   0.      42.      20.64    98.2464
   0.      42.      19.04   117.7632
   0.      42.      19.04   113.0208
   0.      42.      19.04   128.2208
   0.      42.      19.04   123.3568
   0.      42.      19.04   117.3984
   0.      38.      17.2     32.8864
  -4.      54.      17.2    100.9984
   0.      46.      17.2     78.2944
  -8.      54.      17.2     78.2944
  -4.      46.      17.2     55.5904
  -8.      46.      17.2     32.8864
   0.      38.      15.64    52.1584
   0.      46.      15.64    90.7024
  -8.      54.      15.64    90.7024
  -4.      46.      15.64    71.4304
  -8.      46.      15.64    52.1584
  -4.      38.      15.64    32.8864
   0.      38.      20.64    32.8864
  -4.      54.      20.64   123.7024
   0.      46.      20.64    93.4304
  -8.      54.      20.64    93.4304
  -4.      46.      20.64    63.1584
  -8.      46.      20.64    32.8864
   0.      38.      19.04    59.6384
   0.      46.      19.04   113.1424
  -8.      54.      19.04   113.1424
  -4.      46.      19.04    86.3904
  -8.      46.      19.04    59.6384
  -4.      38.      19.04    32.8864
  -4.      46.      17.08   100.2064
   0.      38.      17.08    77.7664
  -8.      46.      17.08    77.7664
  -4.      38.      17.08    55.3264
  -8.      38.      17.08    32.8864
   0.      42.      20.64    95.976 
   0.      42.      20.64   104.576 
   0.      42.      20.64   101.824 
   0.      42.      20.64    98.4528
   0.      42.      19.84   108.2112
   0.      42.      19.84   105.84  
   0.      42.      19.84   113.44  
   0.      42.      19.84   111.008 
   0.      42.      19.84   108.0288
   0.      40.      18.92    65.7728
  -2.      48.      18.92    99.8288
   0.      44.      18.92    88.4768
  -4.      48.      18.92    88.4768
  -2.      44.      18.92    77.1248
  -4.      44.      18.92    65.7728
   0.      40.      18.14    75.4088
   0.      44.      18.14    94.6808
  -4.      48.      18.14    94.6808
  -2.      44.      18.14    85.0448
  -4.      44.      18.14    75.4088
  -2.      40.      18.14    65.7728
   0.      40.      20.64    65.7728
  -2.      48.      20.64   111.1808
   0.      44.      20.64    96.0448
  -4.      48.      20.64    96.0448
  -2.      44.      20.64    80.9088
  -4.      44.      20.64    65.7728
   0.      40.      19.84    79.1488
   0.      44.      19.84   105.9008
  -4.      48.      19.84   105.9008
  -2.      44.      19.84    92.5248
  -4.      44.      19.84    79.1488
  -2.      40.      19.84    65.7728
  -2.      44.      18.86    99.4328
   0.      40.      18.86    88.2128
  -4.      44.      18.86    88.2128
  -2.      40.      18.86    76.9928
  -4.      40.      18.86    65.7728
   0.      42.      20.64   107.8096
   0.      42.      20.64   102.3056
   0.      42.      20.64    95.5632
   0.      42.      19.04   115.08  
   0.      42.      19.04   110.3376
   0.      42.      19.04   125.5376
   0.      42.      19.04   120.6736
   0.      42.      19.04   114.7152
   0.      38.      17.2     30.2032
  -4.      54.      17.2     98.3152
   0.      46.      17.2     75.6112
  -8.      54.      17.2     75.6112
  -4.      46.      17.2     52.9072
  -8.      46.      17.2     30.2032
   0.      38.      15.64    49.4752
   0.      46.      15.64    88.0192
  -8.      54.      15.64    88.0192
  -4.      46.      15.64    68.7472
  -8.      46.      15.64    49.4752
  -4.      38.      15.64    30.2032
   0.      38.      20.64    30.2032
  -4.      54.      20.64   121.0192
   0.      46.      20.64    90.7472
  -8.      54.      20.64    90.7472
  -4.      46.      20.64    60.4752
  -8.      46.      20.64    30.2032
   0.      38.      19.04    56.9552
   0.      46.      19.04   110.4592
  -8.      54.      19.04   110.4592
  -4.      46.      19.04    83.7072
  -8.      46.      19.04    56.9552
  -4.      38.      19.04    30.2032
  -4.      46.      17.08    97.5232
   0.      38.      17.08    75.0832
  -8.      46.      17.08    75.0832
  -4.      38.      17.08    52.6432
  -8.      38.      17.08    30.2032
   0.      42.      20.64    99.2096
   0.      42.      20.64    96.4576
   0.      42.      20.64    93.0864
   0.      42.      19.84   102.8448
   0.      42.      19.84   100.4736
   0.      42.      19.84   108.0736
   0.      42.      19.84   105.6416
   0.      42.      19.84   102.6624
   0.      40.      18.92    60.4064
  -2.      48.      18.92    94.4624
   0.      44.      18.92    83.1104
  -4.      48.      18.92    83.1104
  -2.      44.      18.92    71.7584
  -4.      44.      18.92    60.4064
   0.      40.      18.14    70.0424
   0.      44.      18.14    89.3144
  -4.      48.      18.14    89.3144
  -2.      44.      18.14    79.6784
  -4.      44.      18.14    70.0424
  -2.      40.      18.14    60.4064
   0.      40.      20.64    60.4064
  -2.      48.      20.64   105.8144
   0.      44.      20.64    90.6784
  -4.      48.      20.64    90.6784
  -2.      44.      20.64    75.5424
  -4.      44.      20.64    60.4064
   0.      40.      19.84    73.7824
   0.      44.      19.84   100.5344
  -4.      48.      19.84   100.5344
  -2.      44.      19.84    87.1584
  -4.      44.      19.84    73.7824
  -2.      40.      19.84    60.4064
  -2.      44.      18.86    94.0664
   0.      40.      18.86    82.8464
  -4.      44.      18.86    82.8464
  -2.      40.      18.86    71.6264
  -4.      40.      18.86    60.4064
   0.      42.      20.64   110.9056
   0.      42.      20.64   104.1632
   0.      42.      19.04   123.68  
   0.      42.      19.04   118.9376
   0.      42.      19.04   134.1376
   0.      42.      19.04   129.2736
   0.      42.      19.04   123.3152
   0.      38.      17.2     38.8032
  -4.      54.      17.2    106.9152
   0.      46.      17.2     84.2112
  -8.      54.      17.2     84.2112
  -4.      46.      17.2     61.5072
  -8.      46.      17.2     38.8032
   0.      38.      15.64    58.0752
   0.      46.      15.64    96.6192
  -8.      54.      15.64    96.6192
  -4.      46.      15.64    77.3472
  -8.      46.      15.64    58.0752
  -4.      38.      15.64    38.8032
   0.      38.      20.64    38.8032
  -4.      54.      20.64   129.6192
   0.      46.      20.64    99.3472
  -8.      54.      20.64    99.3472
  -4.      46.      20.64    69.0752
  -8.      46.      20.64    38.8032
   0.      38.      19.04    65.5552
   0.      46.      19.04   119.0592
  -8.      54.      19.04   119.0592
  -4.      46.      19.04    92.3072
  -8.      46.      19.04    65.5552
  -4.      38.      19.04    38.8032
  -4.      46.      17.08   106.1232
   0.      38.      17.08    83.6832
  -8.      46.      17.08    83.6832
  -4.      38.      17.08    61.2432
  -8.      38.      17.08    38.8032
   0.      42.      20.64   113.6576
   0.      42.      20.64   110.2864
   0.      42.      19.84   120.0448
   0.      42.      19.84   117.6736
   0.      42.      19.84   125.2736
   0.      42.      19.84   122.8416
   0.      42.      19.84   119.8624
   0.      40.      18.92    77.6064
  -2.      48.      18.92   111.6624
   0.      44.      18.92   100.3104
  -4.      48.      18.92   100.3104
  -2.      44.      18.92    88.9584
  -4.      44.      18.92    77.6064
   0.      40.      18.14    87.2424
   0.      44.      18.14   106.5144
  -4.      48.      18.14   106.5144
  -2.      44.      18.14    96.8784
  -4.      44.      18.14    87.2424
  -2.      40.      18.14    77.6064
   0.      40.      20.64    77.6064
  -2.      48.      20.64   123.0144
   0.      44.      20.64   107.8784
  -4.      48.      20.64   107.8784
  -2.      44.      20.64    92.7424
  -4.      44.      20.64    77.6064
   0.      40.      19.84    90.9824
   0.      44.      19.84   117.7344
  -4.      48.      19.84   117.7344
  -2.      44.      19.84   104.3584
  -4.      44.      19.84    90.9824
  -2.      40.      19.84    77.6064
  -2.      44.      18.86   111.2664
   0.      40.      18.86   100.0464
  -4.      44.      18.86   100.0464
  -2.      40.      18.86    88.8264
  -4.      40.      18.86    77.6064
   0.      42.      20.64   101.4112
   0.      42.      19.04   120.928 
   0.      42.      19.04   116.1856
   0.      42.      19.04   131.3856
   0.      42.      19.04   126.5216
   0.      42.      19.04   120.5632
   0.      38.      17.2     36.0512
  -4.      54.      17.2    104.1632
   0.      46.      17.2     81.4592
  -8.      54.      17.2     81.4592
  -4.      46.      17.2     58.7552
  -8.      46.      17.2     36.0512
   0.      38.      15.64    55.3232
   0.      46.      15.64    93.8672
  -8.      54.      15.64    93.8672
  -4.      46.      15.64    74.5952
  -8.      46.      15.64    55.3232
  -4.      38.      15.64    36.0512
   0.      38.      20.64    36.0512
  -4.      54.      20.64   126.8672
   0.      46.      20.64    96.5952
  -8.      54.      20.64    96.5952
  -4.      46.      20.64    66.3232
  -8.      46.      20.64    36.0512
   0.      38.      19.04    62.8032
   0.      46.      19.04   116.3072
  -8.      54.      19.04   116.3072
  -4.      46.      19.04    89.5552
  -8.      46.      19.04    62.8032
  -4.      38.      19.04    36.0512
  -4.      46.      17.08   103.3712
   0.      38.      17.08    80.9312
  -8.      46.      17.08    80.9312
  -4.      38.      17.08    58.4912
  -8.      38.      17.08    36.0512
   0.      42.      20.64   104.7824
   0.      42.      19.84   114.5408
   0.      42.      19.84   112.1696
   0.      42.      19.84   119.7696
   0.      42.      19.84   117.3376
   0.      42.      19.84   114.3584
   0.      40.      18.92    72.1024
  -2.      48.      18.92   106.1584
   0.      44.      18.92    94.8064
  -4.      48.      18.92    94.8064
  -2.      44.      18.92    83.4544
  -4.      44.      18.92    72.1024
   0.      40.      18.14    81.7384
   0.      44.      18.14   101.0104
  -4.      48.      18.14   101.0104
  -2.      44.      18.14    91.3744
  -4.      44.      18.14    81.7384
  -2.      40.      18.14    72.1024
   0.      40.      20.64    72.1024
  -2.      48.      20.64   117.5104
   0.      44.      20.64   102.3744
  -4.      48.      20.64   102.3744
  -2.      44.      20.64    87.2384
  -4.      44.      20.64    72.1024
   0.      40.      19.84    85.4784
   0.      44.      19.84   112.2304
  -4.      48.      19.84   112.2304
  -2.      44.      19.84    98.8544
  -4.      44.      19.84    85.4784
  -2.      40.      19.84    72.1024
  -2.      44.      18.86   105.7624
   0.      40.      18.86    94.5424
  -4.      44.      18.86    94.5424
  -2.      40.      18.86    83.3224
  -4.      40.      18.86    72.1024
   0.      42.      19.04   117.5568
   0.      42.      19.04   112.8144
   0.      42.      19.04   128.0144
   0.      42.      19.04   123.1504
   0.      42.      19.04   117.192 
   0.      38.      17.2     32.68  
  -4.      54.      17.2    100.792 
   0.      46.      17.2     78.088 
  -8.      54.      17.2     78.088 
  -4.      46.      17.2     55.384 
  -8.      46.      17.2     32.68  
   0.      38.      15.64    51.952 
   0.      46.      15.64    90.496 
  -8.      54.      15.64    90.496 
  -4.      46.      15.64    71.224 
  -8.      46.      15.64    51.952 
  -4.      38.      15.64    32.68  
   0.      38.      20.64    32.68  
  -4.      54.      20.64   123.496 
   0.      46.      20.64    93.224 
  -8.      54.      20.64    93.224 
  -4.      46.      20.64    62.952 
  -8.      46.      20.64    32.68  
   0.      38.      19.04    59.432 
   0.      46.      19.04   112.936 
  -8.      54.      19.04   112.936 
  -4.      46.      19.04    86.184 
  -8.      46.      19.04    59.432 
  -4.      38.      19.04    32.68  
  -4.      46.      17.08   100.    
   0.      38.      17.08    77.56  
  -8.      46.      17.08    77.56  
  -4.      38.      17.08    55.12  
  -8.      38.      17.08    32.68  
   0.      42.      19.84   107.7984
   0.      42.      19.84   105.4272
   0.      42.      19.84   113.0272
   0.      42.      19.84   110.5952
   0.      42.      19.84   107.616 
   0.      40.      18.92    65.36  
  -2.      48.      18.92    99.416 
   0.      44.      18.92    88.064 
  -4.      48.      18.92    88.064 
  -2.      44.      18.92    76.712 
  -4.      44.      18.92    65.36  
   0.      40.      18.14    74.996 
   0.      44.      18.14    94.268 
  -4.      48.      18.14    94.268 
  -2.      44.      18.14    84.632 
  -4.      44.      18.14    74.996 
  -2.      40.      18.14    65.36  
   0.      40.      20.64    65.36  
  -2.      48.      20.64   110.768 
   0.      44.      20.64    95.632 
  -4.      48.      20.64    95.632 
  -2.      44.      20.64    80.496 
  -4.      44.      20.64    65.36  
   0.      40.      19.84    78.736 
   0.      44.      19.84   105.488 
  -4.      48.      19.84   105.488 
  -2.      44.      19.84    92.112 
  -4.      44.      19.84    78.736 
  -2.      40.      19.84    65.36  
  -2.      44.      18.86    99.02  
   0.      40.      18.86    87.8   
  -4.      44.      18.86    87.8   
  -2.      40.      18.86    76.58  
  -4.      40.      18.86    65.36  
   0.      42.      18.24   122.5728
   0.      42.      18.24   137.7728
   0.      42.      18.24   132.9088
   0.      42.      18.24   126.9504
   0.      38.      16.4     42.4384
  -4.      54.      16.4    110.5504
   0.      46.      16.4     87.8464
  -8.      54.      16.4     87.8464
  -4.      46.      16.4     65.1424
  -8.      46.      16.4     42.4384
   0.      38.      14.84    61.7104
   0.      46.      14.84   100.2544
  -8.      54.      14.84   100.2544
  -4.      46.      14.84    80.9824
  -8.      46.      14.84    61.7104
  -4.      38.      14.84    42.4384
   0.      38.      19.84    42.4384
  -4.      54.      19.84   133.2544
   0.      46.      19.84   102.9824
  -8.      54.      19.84   102.9824
  -4.      46.      19.84    72.7104
  -8.      46.      19.84    42.4384
   0.      38.      18.24    69.1904
   0.      46.      18.24   122.6944
  -8.      54.      18.24   122.6944
  -4.      46.      18.24    95.9424
  -8.      46.      18.24    69.1904
  -4.      38.      18.24    42.4384
  -4.      46.      16.28   109.7584
   0.      38.      16.28    87.3184
  -8.      46.      16.28    87.3184
  -4.      38.      16.28    64.8784
  -8.      38.      16.28    42.4384
   0.      42.      18.24   124.944 
   0.      42.      18.24   132.544 
   0.      42.      18.24   130.112 
   0.      42.      18.24   127.1328
   0.      40.      17.32    84.8768
  -2.      48.      17.32   118.9328
   0.      44.      17.32   107.5808
  -4.      48.      17.32   107.5808
  -2.      44.      17.32    96.2288
  -4.      44.      17.32    84.8768
   0.      40.      16.54    94.5128
   0.      44.      16.54   113.7848
  -4.      48.      16.54   113.7848
  -2.      44.      16.54   104.1488
  -4.      44.      16.54    94.5128
  -2.      40.      16.54    84.8768
   0.      40.      19.04    84.8768
  -2.      48.      19.04   130.2848
   0.      44.      19.04   115.1488
  -4.      48.      19.04   115.1488
  -2.      44.      19.04   100.0128
  -4.      44.      19.04    84.8768
   0.      40.      18.24    98.2528
   0.      44.      18.24   125.0048
  -4.      48.      18.24   125.0048
  -2.      44.      18.24   111.6288
  -4.      44.      18.24    98.2528
  -2.      40.      18.24    84.8768
  -2.      44.      17.26   118.5368
   0.      40.      17.26   107.3168
  -4.      44.      17.26   107.3168
  -2.      40.      17.26    96.0968
  -4.      40.      17.26    84.8768
   0.      42.      18.24   135.4016
   0.      42.      18.24   130.5376
   0.      42.      18.24   124.5792
   0.      38.      16.4     40.0672
  -4.      54.      16.4    108.1792
   0.      46.      16.4     85.4752
  -8.      54.      16.4     85.4752
  -4.      46.      16.4     62.7712
  -8.      46.      16.4     40.0672
   0.      38.      14.84    59.3392
   0.      46.      14.84    97.8832
  -8.      54.      14.84    97.8832
  -4.      46.      14.84    78.6112
  -8.      46.      14.84    59.3392
  -4.      38.      14.84    40.0672
   0.      38.      19.84    40.0672
  -4.      54.      19.84   130.8832
   0.      46.      19.84   100.6112
  -8.      54.      19.84   100.6112
  -4.      46.      19.84    70.3392
  -8.      46.      19.84    40.0672
   0.      38.      18.24    66.8192
   0.      46.      18.24   120.3232
  -8.      54.      18.24   120.3232
  -4.      46.      18.24    93.5712
  -8.      46.      18.24    66.8192
  -4.      38.      18.24    40.0672
  -4.      46.      16.28   107.3872
   0.      38.      16.28    84.9472
  -8.      46.      16.28    84.9472
  -4.      38.      16.28    62.5072
  -8.      38.      16.28    40.0672
   0.      42.      18.24   127.8016
   0.      42.      18.24   125.3696
   0.      42.      18.24   122.3904
   0.      40.      17.32    80.1344
  -2.      48.      17.32   114.1904
   0.      44.      17.32   102.8384
  -4.      48.      17.32   102.8384
  -2.      44.      17.32    91.4864
  -4.      44.      17.32    80.1344
   0.      40.      16.54    89.7704
   0.      44.      16.54   109.0424
  -4.      48.      16.54   109.0424
  -2.      44.      16.54    99.4064
  -4.      44.      16.54    89.7704
  -2.      40.      16.54    80.1344
   0.      40.      19.04    80.1344
  -2.      48.      19.04   125.5424
   0.      44.      19.04   110.4064
  -4.      48.      19.04   110.4064
  -2.      44.      19.04    95.2704
  -4.      44.      19.04    80.1344
   0.      40.      18.24    93.5104
   0.      44.      18.24   120.2624
  -4.      48.      18.24   120.2624
  -2.      44.      18.24   106.8864
  -4.      44.      18.24    93.5104
  -2.      40.      18.24    80.1344
  -2.      44.      17.26   113.7944
   0.      40.      17.26   102.5744
  -4.      44.      17.26   102.5744
  -2.      40.      17.26    91.3544
  -4.      40.      17.26    80.1344
   0.      42.      18.24   138.1376
   0.      42.      18.24   132.1792
   0.      38.      16.4     47.6672
  -4.      54.      16.4    115.7792
   0.      46.      16.4     93.0752
  -8.      54.      16.4     93.0752
  -4.      46.      16.4     70.3712
  -8.      46.      16.4     47.6672
   0.      38.      14.84    66.9392
   0.      46.      14.84   105.4832
  -8.      54.      14.84   105.4832
  -4.      46.      14.84    86.2112
  -8.      46.      14.84    66.9392
  -4.      38.      14.84    47.6672
   0.      38.      19.84    47.6672
  -4.      54.      19.84   138.4832
   0.      46.      19.84   108.2112
  -8.      54.      19.84   108.2112
  -4.      46.      19.84    77.9392
  -8.      46.      19.84    47.6672
   0.      38.      18.24    74.4192
   0.      46.      18.24   127.9232
  -8.      54.      18.24   127.9232
  -4.      46.      18.24   101.1712
  -8.      46.      18.24    74.4192
  -4.      38.      18.24    47.6672
  -4.      46.      16.28   114.9872
   0.      38.      16.28    92.5472
  -8.      46.      16.28    92.5472
  -4.      38.      16.28    70.1072
  -8.      38.      16.28    47.6672
   0.      42.      18.24   140.5696
   0.      42.      18.24   137.5904
   0.      40.      17.32    95.3344
  -2.      48.      17.32   129.3904
   0.      44.      17.32   118.0384
  -4.      48.      17.32   118.0384
  -2.      44.      17.32   106.6864
  -4.      44.      17.32    95.3344
   0.      40.      16.54   104.9704
   0.      44.      16.54   124.2424
  -4.      48.      16.54   124.2424
  -2.      44.      16.54   114.6064
  -4.      44.      16.54   104.9704
  -2.      40.      16.54    95.3344
   0.      40.      19.04    95.3344
  -2.      48.      19.04   140.7424
   0.      44.      19.04   125.6064
  -4.      48.      19.04   125.6064
  -2.      44.      19.04   110.4704
  -4.      44.      19.04    95.3344
   0.      40.      18.24   108.7104
   0.      44.      18.24   135.4624
  -4.      48.      18.24   135.4624
  -2.      44.      18.24   122.0864
  -4.      44.      18.24   108.7104
  -2.      40.      18.24    95.3344
  -2.      44.      17.26   128.9944
   0.      40.      17.26   117.7744
  -4.      44.      17.26   117.7744
  -2.      40.      17.26   106.5544
  -4.      40.      17.26    95.3344
   0.      42.      18.24   129.7472
   0.      38.      16.4     45.2352
  -4.      54.      16.4    113.3472
   0.      46.      16.4     90.6432
  -8.      54.      16.4     90.6432
  -4.      46.      16.4     67.9392
  -8.      46.      16.4     45.2352
   0.      38.      14.84    64.5072
   0.      46.      14.84   103.0512
  -8.      54.      14.84   103.0512
  -4.      46.      14.84    83.7792
  -8.      46.      14.84    64.5072
  -4.      38.      14.84    45.2352
   0.      38.      19.84    45.2352
  -4.      54.      19.84   136.0512
   0.      46.      19.84   105.7792
  -8.      54.      19.84   105.7792
  -4.      46.      19.84    75.5072
  -8.      46.      19.84    45.2352
   0.      38.      18.24    71.9872
   0.      46.      18.24   125.4912
  -8.      54.      18.24   125.4912
  -4.      46.      18.24    98.7392
  -8.      46.      18.24    71.9872
  -4.      38.      18.24    45.2352
  -4.      46.      16.28   112.5552
   0.      38.      16.28    90.1152
  -8.      46.      16.28    90.1152
  -4.      38.      16.28    67.6752
  -8.      38.      16.28    45.2352
   0.      42.      18.24   132.7264
   0.      40.      17.32    90.4704
  -2.      48.      17.32   124.5264
   0.      44.      17.32   113.1744
  -4.      48.      17.32   113.1744
  -2.      44.      17.32   101.8224
  -4.      44.      17.32    90.4704
   0.      40.      16.54   100.1064
   0.      44.      16.54   119.3784
  -4.      48.      16.54   119.3784
  -2.      44.      16.54   109.7424
  -4.      44.      16.54   100.1064
  -2.      40.      16.54    90.4704
   0.      40.      19.04    90.4704
  -2.      48.      19.04   135.8784
   0.      44.      19.04   120.7424
  -4.      48.      19.04   120.7424
  -2.      44.      19.04   105.6064
  -4.      44.      19.04    90.4704
   0.      40.      18.24   103.8464
   0.      44.      18.24   130.5984
  -4.      48.      18.24   130.5984
  -2.      44.      18.24   117.2224
  -4.      44.      18.24   103.8464
  -2.      40.      18.24    90.4704
  -2.      44.      17.26   124.1304
   0.      40.      17.26   112.9104
  -4.      44.      17.26   112.9104
  -2.      40.      17.26   101.6904
  -4.      40.      17.26    90.4704
   0.      38.      16.4     42.256 
  -4.      54.      16.4    110.368 
   0.      46.      16.4     87.664 
  -8.      54.      16.4     87.664 
  -4.      46.      16.4     64.96  
  -8.      46.      16.4     42.256 
   0.      38.      14.84    61.528 
   0.      46.      14.84   100.072 
  -8.      54.      14.84   100.072 
  -4.      46.      14.84    80.8   
  -8.      46.      14.84    61.528 
  -4.      38.      14.84    42.256 
   0.      38.      19.84    42.256 
  -4.      54.      19.84   133.072 
   0.      46.      19.84   102.8   
  -8.      54.      19.84   102.8   
  -4.      46.      19.84    72.528 
  -8.      46.      19.84    42.256 
   0.      38.      18.24    69.008 
   0.      46.      18.24   122.512 
  -8.      54.      18.24   122.512 
  -4.      46.      18.24    95.76  
  -8.      46.      18.24    69.008 
  -4.      38.      18.24    42.256 
  -4.      46.      16.28   109.576 
   0.      38.      16.28    87.136 
  -8.      46.      16.28    87.136 
  -4.      38.      16.28    64.696 
  -8.      38.      16.28    42.256 
   0.      40.      17.32    84.512 
  -2.      48.      17.32   118.568 
   0.      44.      17.32   107.216 
  -4.      48.      17.32   107.216 
  -2.      44.      17.32    95.864 
  -4.      44.      17.32    84.512 
   0.      40.      16.54    94.148 
   0.      44.      16.54   113.42  
  -4.      48.      16.54   113.42  
  -2.      44.      16.54   103.784 
  -4.      44.      16.54    94.148 
  -2.      40.      16.54    84.512 
   0.      40.      19.04    84.512 
  -2.      48.      19.04   129.92  
   0.      44.      19.04   114.784 
  -4.      48.      19.04   114.784 
  -2.      44.      19.04    99.648 
  -4.      44.      19.04    84.512 
   0.      40.      18.24    97.888 
   0.      44.      18.24   124.64  
  -4.      48.      18.24   124.64  
  -2.      44.      18.24   111.264 
  -4.      44.      18.24    97.888 
  -2.      40.      18.24    84.512 
  -2.      44.      17.26   118.172 
   0.      40.      17.26   106.952 
  -4.      44.      17.26   106.952 
  -2.      40.      17.26    95.732 
  -4.      40.      17.26    84.512 
  -4.      52.      15.48    68.112 
   0.      44.      15.48    45.408 
  -8.      52.      15.48    45.408 
  -4.      44.      15.48    22.704 
  -8.      44.      15.48     0.    
   0.      36.      13.92    19.272 
   0.      44.      13.92    57.816 
  -8.      52.      13.92    57.816 
  -4.      44.      13.92    38.544 
  -8.      44.      13.92    19.272 
  -4.      36.      13.92     0.    
   0.      36.      18.92     0.    
  -4.      52.      18.92    90.816 
   0.      44.      18.92    60.544 
  -8.      52.      18.92    60.544 
  -4.      44.      18.92    30.272 
  -8.      44.      18.92     0.    
   0.      36.      17.32    26.752 
   0.      44.      17.32    80.256 
  -8.      52.      17.32    80.256 
  -4.      44.      17.32    53.504 
  -8.      44.      17.32    26.752 
  -4.      36.      17.32     0.    
  -4.      44.      15.36    67.32  
   0.      36.      15.36    44.88  
  -8.      44.      15.36    44.88  
  -4.      36.      15.36    22.44  
  -8.      36.      15.36     0.    
  -2.      44.      15.48    34.056 
   0.      40.      15.48    22.704 
  -4.      44.      15.48    22.704 
  -2.      40.      15.48    11.352 
  -4.      40.      15.48     0.    
   0.      36.      14.7      9.636 
   0.      40.      14.7     28.908 
  -4.      44.      14.7     28.908 
  -2.      40.      14.7     19.272 
  -4.      40.      14.7      9.636 
  -2.      36.      14.7      0.    
   0.      36.      17.2      0.    
  -2.      44.      17.2     45.408 
   0.      40.      17.2     30.272 
  -4.      44.      17.2     30.272 
  -2.      40.      17.2     15.136 
  -4.      40.      17.2      0.    
   0.      36.      16.4     13.376 
   0.      40.      16.4     40.128 
  -4.      44.      16.4     40.128 
  -2.      40.      16.4     26.752 
  -4.      40.      16.4     13.376 
  -2.      36.      16.4      0.    
  -2.      40.      15.42    33.66  
   0.      36.      15.42    22.44  
  -4.      40.      15.42    22.44  
  -2.      36.      15.42    11.22  
  -4.      36.      15.42     0.    
  -2.      52.      15.48    79.464 
 -10.      60.      15.48    79.464 
  -6.      52.      15.48    56.76  
 -10.      52.      15.48    34.056 
  -2.      44.      13.92    53.328 
  -2.      52.      13.92    91.872 
 -10.      60.      13.92    91.872 
  -6.      52.      13.92    72.6   
 -10.      52.      13.92    53.328 
  -6.      44.      13.92    34.056 
  -2.      44.      18.92    34.056 
  -6.      60.      18.92   124.872 
  -2.      52.      18.92    94.6   
 -10.      60.      18.92    94.6   
  -6.      52.      18.92    64.328 
 -10.      52.      18.92    34.056 
  -2.      44.      17.32    60.808 
  -2.      52.      17.32   114.312 
 -10.      60.      17.32   114.312 
  -6.      52.      17.32    87.56  
 -10.      52.      17.32    60.808 
  -6.      44.      17.32    34.056 
  -6.      52.      15.36   101.376 
  -2.      44.      15.36    78.936 
 -10.      52.      15.36    78.936 
  -6.      44.      15.36    56.496 
 -10.      44.      15.36    34.056 
  -4.      56.      15.48    90.816 
  -8.      60.      15.48    90.816 
  -6.      56.      15.48    79.464 
  -8.      56.      15.48    68.112 
  -4.      52.      14.7     77.748 
  -4.      56.      14.7     97.02  
  -8.      60.      14.7     97.02  
  -6.      56.      14.7     87.384 
  -8.      56.      14.7     77.748 
  -6.      52.      14.7     68.112 
  -4.      52.      17.2     68.112 
  -6.      60.      17.2    113.52  
  -4.      56.      17.2     98.384 
  -8.      60.      17.2     98.384 
  -6.      56.      17.2     83.248 
  -8.      56.      17.2     68.112 
  -4.      52.      16.4     81.488 
  -4.      56.      16.4    108.24  
  -8.      60.      16.4    108.24  
  -6.      56.      16.4     94.864 
  -8.      56.      16.4     81.488 
  -6.      52.      16.4     68.112 
  -6.      56.      15.42   101.772 
  -4.      52.      15.42    90.552 
  -8.      56.      15.42    90.552 
  -6.      52.      15.42    79.332 
  -8.      52.      15.42    68.112 
  -8.      56.      15.48    68.112 
  -4.      48.      15.48    45.408 
  -8.      48.      15.48    22.704 
   0.      40.      13.92    41.976 
   0.      48.      13.92    80.52  
  -8.      56.      13.92    80.52  
  -4.      48.      13.92    61.248 
  -8.      48.      13.92    41.976 
  -4.      40.      13.92    22.704 
   0.      40.      18.92    22.704 
  -4.      56.      18.92   113.52  
   0.      48.      18.92    83.248 
  -8.      56.      18.92    83.248 
  -4.      48.      18.92    52.976 
  -8.      48.      18.92    22.704 
   0.      40.      17.32    49.456 
   0.      48.      17.32   102.96  
  -8.      56.      17.32   102.96  
  -4.      48.      17.32    76.208 
  -8.      48.      17.32    49.456 
  -4.      40.      17.32    22.704 
  -4.      48.      15.36    90.024 
   0.      40.      15.36    67.584 
  -8.      48.      15.36    67.584 
  -4.      40.      15.36    45.144 
  -8.      40.      15.36    22.704 
  -4.      52.      15.48    68.112 
  -2.      48.      15.48    56.76  
  -4.      48.      15.48    45.408 
   0.      44.      14.7     55.044 
   0.      48.      14.7     74.316 
  -4.      52.      14.7     74.316 
  -2.      48.      14.7     64.68  
  -4.      48.      14.7     55.044 
  -2.      44.      14.7     45.408 
   0.      44.      17.2     45.408 
  -2.      52.      17.2     90.816 
   0.      48.      17.2     75.68  
  -4.      52.      17.2     75.68  
  -2.      48.      17.2     60.544 
  -4.      48.      17.2     45.408 
   0.      44.      16.4     58.784 
   0.      48.      16.4     85.536 
  -4.      52.      16.4     85.536 
  -2.      48.      16.4     72.16  
  -4.      48.      16.4     58.784 
  -2.      44.      16.4     45.408 
  -2.      48.      15.42    79.068 
   0.      44.      15.42    67.848 
  -4.      48.      15.42    67.848 
  -2.      44.      15.42    56.628 
  -4.      44.      15.42    45.408 
  -8.      52.      15.48    45.408 
 -12.      52.      15.48    22.704 
  -4.      44.      13.92    41.976 
  -4.      52.      13.92    80.52  
 -12.      60.      13.92    80.52  
  -8.      52.      13.92    61.248 
 -12.      52.      13.92    41.976 
  -8.      44.      13.92    22.704 
  -4.      44.      18.92    22.704 
  -8.      60.      18.92   113.52  
  -4.      52.      18.92    83.248 
 -12.      60.      18.92    83.248 
  -8.      52.      18.92    52.976 
 -12.      52.      18.92    22.704 
  -4.      44.      17.32    49.456 
  -4.      52.      17.32   102.96  
 -12.      60.      17.32   102.96  
  -8.      52.      17.32    76.208 
 -12.      52.      17.32    49.456 
  -8.      44.      17.32    22.704 
  -8.      52.      15.36    90.024 
  -4.      44.      15.36    67.584 
 -12.      52.      15.36    67.584 
  -8.      44.      15.36    45.144 
 -12.      44.      15.36    22.704 
 -10.      56.      15.48    56.76  
 -12.      56.      15.48    45.408 
  -8.      52.      14.7     55.044 
  -8.      56.      14.7     74.316 
 -12.      60.      14.7     74.316 
 -10.      56.      14.7     64.68  
 -12.      56.      14.7     55.044 
 -10.      52.      14.7     45.408 
  -8.      52.      17.2     45.408 
 -10.      60.      17.2     90.816 
  -8.      56.      17.2     75.68  
 -12.      60.      17.2     75.68  
 -10.      56.      17.2     60.544 
 -12.      56.      17.2     45.408 
  -8.      52.      16.4     58.784 
  -8.      56.      16.4     85.536 
 -12.      60.      16.4     85.536 
 -10.      56.      16.4     72.16  
 -12.      56.      16.4     58.784 
 -10.      52.      16.4     45.408 
 -10.      56.      15.42    79.068 
  -8.      52.      15.42    67.848 
 -12.      56.      15.42    67.848 
 -10.      52.      15.42    56.628 
 -12.      52.      15.42    45.408 
 -10.      48.      15.48    11.352 
  -2.      40.      13.92    30.624 
  -2.      48.      13.92    69.168 
 -10.      56.      13.92    69.168 
  -6.      48.      13.92    49.896 
 -10.      48.      13.92    30.624 
  -6.      40.      13.92    11.352 
  -2.      40.      18.92    11.352 
  -6.      56.      18.92   102.168 
  -2.      48.      18.92    71.896 
 -10.      56.      18.92    71.896 
  -6.      48.      18.92    41.624 
 -10.      48.      18.92    11.352 
  -2.      40.      17.32    38.104 
  -2.      48.      17.32    91.608 
 -10.      56.      17.32    91.608 
  -6.      48.      17.32    64.856 
 -10.      48.      17.32    38.104 
  -6.      40.      17.32    11.352 
  -6.      48.      15.36    78.672 
  -2.      40.      15.36    56.232 
 -10.      48.      15.36    56.232 
  -6.      40.      15.36    33.792 
 -10.      40.      15.36    11.352 
  -8.      48.      15.48    22.704 
  -4.      44.      14.7     32.34  
  -4.      48.      14.7     51.612 
  -8.      52.      14.7     51.612 
  -6.      48.      14.7     41.976 
  -8.      48.      14.7     32.34  
  -6.      44.      14.7     22.704 
  -4.      44.      17.2     22.704 
  -6.      52.      17.2     68.112 
  -4.      48.      17.2     52.976 
  -8.      52.      17.2     52.976 
  -6.      48.      17.2     37.84  
  -8.      48.      17.2     22.704 
  -4.      44.      16.4     36.08  
  -4.      48.      16.4     62.832 
  -8.      52.      16.4     62.832 
  -6.      48.      16.4     49.456 
  -8.      48.      16.4     36.08  
  -6.      44.      16.4     22.704 
  -6.      48.      15.42    56.364 
  -4.      44.      15.42    45.144 
  -8.      48.      15.42    45.144 
  -6.      44.      15.42    33.924 
  -8.      44.      15.42    22.704 
  -4.      40.      13.92    19.272 
  -4.      48.      13.92    57.816 
 -12.      56.      13.92    57.816 
  -8.      48.      13.92    38.544 
 -12.      48.      13.92    19.272 
  -8.      40.      13.92     0.    
  -4.      40.      18.92     0.    
  -8.      56.      18.92    90.816 
  -4.      48.      18.92    60.544 
 -12.      56.      18.92    60.544 
  -8.      48.      18.92    30.272 
 -12.      48.      18.92     0.    
  -4.      40.      17.32    26.752 
  -4.      48.      17.32    80.256 
 -12.      56.      17.32    80.256 
  -8.      48.      17.32    53.504 
 -12.      48.      17.32    26.752 
  -8.      40.      17.32     0.    
  -8.      48.      15.36    67.32  
  -4.      40.      15.36    44.88  
 -12.      48.      15.36    44.88  
  -8.      40.      15.36    22.44  
 -12.      40.      15.36     0.    
  -8.      44.      14.7      9.636 
  -8.      48.      14.7     28.908 
 -12.      52.      14.7     28.908 
 -10.      48.      14.7     19.272 
 -12.      48.      14.7      9.636 
 -10.      44.      14.7      0.    
  -8.      44.      17.2      0.    
 -10.      52.      17.2     45.408 
  -8.      48.      17.2     30.272 
 -12.      52.      17.2     30.272 
 -10.      48.      17.2     15.136 
 -12.      48.      17.2      0.    
  -8.      44.      16.4     13.376 
  -8.      48.      16.4     40.128 
 -12.      52.      16.4     40.128 
 -10.      48.      16.4     26.752 
 -12.      48.      16.4     13.376 
 -10.      44.      16.4      0.    
 -10.      48.      15.42    33.66  
  -8.      44.      15.42    22.44  
 -12.      48.      15.42    22.44  
 -10.      44.      15.42    11.22  
 -12.      44.      15.42     0.    
   0.      44.      13.14    67.452 
  -8.      52.      13.14    67.452 
  -4.      44.      13.14    48.18  
  -8.      44.      13.14    28.908 
  -4.      36.      13.14     9.636 
   0.      36.      18.14     9.636 
  -4.      52.      18.14   100.452 
   0.      44.      18.14    70.18  
  -8.      52.      18.14    70.18  
  -4.      44.      18.14    39.908 
  -8.      44.      18.14     9.636 
   0.      36.      16.54    36.388 
   0.      44.      16.54    89.892 
  -8.      52.      16.54    89.892 
  -4.      44.      16.54    63.14  
  -8.      44.      16.54    36.388 
  -4.      36.      16.54     9.636 
  -4.      44.      14.58    76.956 
   0.      36.      14.58    54.516 
  -8.      44.      14.58    54.516 
  -4.      36.      14.58    32.076 
  -8.      36.      14.58     9.636 
   0.      40.      13.14    48.18  
  -4.      44.      13.14    48.18  
  -2.      40.      13.14    38.544 
  -4.      40.      13.14    28.908 
  -2.      36.      13.14    19.272 
   0.      36.      15.64    19.272 
  -2.      44.      15.64    64.68  
   0.      40.      15.64    49.544 
  -4.      44.      15.64    49.544 
  -2.      40.      15.64    34.408 
  -4.      40.      15.64    19.272 
   0.      36.      14.84    32.648 
   0.      40.      14.84    59.4   
  -4.      44.      14.84    59.4   
  -2.      40.      14.84    46.024 
  -4.      40.      14.84    32.648 
  -2.      36.      14.84    19.272 
  -2.      40.      13.86    52.932 
   0.      36.      13.86    41.712 
  -4.      40.      13.86    41.712 
  -2.      36.      13.86    30.492 
  -4.      36.      13.86    19.272 
  -8.      56.      13.14    86.724 
  -4.      48.      13.14    67.452 
  -8.      48.      13.14    48.18  
  -4.      40.      13.14    28.908 
   0.      40.      18.14    28.908 
  -4.      56.      18.14   119.724 
   0.      48.      18.14    89.452 
  -8.      56.      18.14    89.452 
  -4.      48.      18.14    59.18  
  -8.      48.      18.14    28.908 
   0.      40.      16.54    55.66  
   0.      48.      16.54   109.164 
  -8.      56.      16.54   109.164 
  -4.      48.      16.54    82.412 
  -8.      48.      16.54    55.66  
  -4.      40.      16.54    28.908 
  -4.      48.      14.58    96.228 
   0.      40.      14.58    73.788 
  -8.      48.      14.58    73.788 
  -4.      40.      14.58    51.348 
  -8.      40.      14.58    28.908 
  -4.      52.      13.14    86.724 
  -2.      48.      13.14    77.088 
  -4.      48.      13.14    67.452 
  -2.      44.      13.14    57.816 
   0.      44.      15.64    57.816 
  -2.      52.      15.64   103.224 
   0.      48.      15.64    88.088 
  -4.      52.      15.64    88.088 
  -2.      48.      15.64    72.952 
  -4.      48.      15.64    57.816 
   0.      44.      14.84    71.192 
   0.      48.      14.84    97.944 
  -4.      52.      14.84    97.944 
  -2.      48.      14.84    84.568 
  -4.      48.      14.84    71.192 
  -2.      44.      14.84    57.816 
  -2.      48.      13.86    91.476 
   0.      44.      13.86    80.256 
  -4.      48.      13.86    80.256 
  -2.      44.      13.86    69.036 
  -4.      44.      13.86    57.816 
  -8.      52.      13.14    67.452 
 -12.      52.      13.14    48.18  
  -8.      44.      13.14    28.908 
  -4.      44.      18.14    28.908 
  -8.      60.      18.14   119.724 
  -4.      52.      18.14    89.452 
 -12.      60.      18.14    89.452 
  -8.      52.      18.14    59.18  
 -12.      52.      18.14    28.908 
  -4.      44.      16.54    55.66  
  -4.      52.      16.54   109.164 
 -12.      60.      16.54   109.164 
  -8.      52.      16.54    82.412 
 -12.      52.      16.54    55.66  
  -8.      44.      16.54    28.908 
  -8.      52.      14.58    96.228 
  -4.      44.      14.58    73.788 
 -12.      52.      14.58    73.788 
  -8.      44.      14.58    51.348 
 -12.      44.      14.58    28.908 
 -10.      56.      13.14    77.088 
 -12.      56.      13.14    67.452 
 -10.      52.      13.14    57.816 
  -8.      52.      15.64    57.816 
 -10.      60.      15.64   103.224 
  -8.      56.      15.64    88.088 
 -12.      60.      15.64    88.088 
 -10.      56.      15.64    72.952 
 -12.      56.      15.64    57.816 
  -8.      52.      14.84    71.192 
  -8.      56.      14.84    97.944 
 -12.      60.      14.84    97.944 
 -10.      56.      14.84    84.568 
 -12.      56.      14.84    71.192 
 -10.      52.      14.84    57.816 
 -10.      56.      13.86    91.476 
  -8.      52.      13.86    80.256 
 -12.      56.      13.86    80.256 
 -10.      52.      13.86    69.036 
 -12.      52.      13.86    57.816 
 -10.      48.      13.14    38.544 
  -6.      40.      13.14    19.272 
  -2.      40.      18.14    19.272 
  -6.      56.      18.14   110.088 
  -2.      48.      18.14    79.816 
 -10.      56.      18.14    79.816 
  -6.      48.      18.14    49.544 
 -10.      48.      18.14    19.272 
  -2.      40.      16.54    46.024 
  -2.      48.      16.54    99.528 
 -10.      56.      16.54    99.528 
  -6.      48.      16.54    72.776 
 -10.      48.      16.54    46.024 
  -6.      40.      16.54    19.272 
  -6.      48.      14.58    86.592 
  -2.      40.      14.58    64.152 
 -10.      48.      14.58    64.152 
  -6.      40.      14.58    41.712 
 -10.      40.      14.58    19.272 
  -8.      48.      13.14    48.18  
  -6.      44.      13.14    38.544 
  -4.      44.      15.64    38.544 
  -6.      52.      15.64    83.952 
  -4.      48.      15.64    68.816 
  -8.      52.      15.64    68.816 
  -6.      48.      15.64    53.68  
  -8.      48.      15.64    38.544 
  -4.      44.      14.84    51.92  
  -4.      48.      14.84    78.672 
  -8.      52.      14.84    78.672 
  -6.      48.      14.84    65.296 
  -8.      48.      14.84    51.92  
  -6.      44.      14.84    38.544 
  -6.      48.      13.86    72.204 
  -4.      44.      13.86    60.984 
  -8.      48.      13.86    60.984 
  -6.      44.      13.86    49.764 
  -8.      44.      13.86    38.544 
  -8.      40.      13.14     9.636 
  -4.      40.      18.14     9.636 
  -8.      56.      18.14   100.452 
  -4.      48.      18.14    70.18  
 -12.      56.      18.14    70.18  
  -8.      48.      18.14    39.908 
 -12.      48.      18.14     9.636 
  -4.      40.      16.54    36.388 
  -4.      48.      16.54    89.892 
 -12.      56.      16.54    89.892 
  -8.      48.      16.54    63.14  
 -12.      48.      16.54    36.388 
  -8.      40.      16.54     9.636 
  -8.      48.      14.58    76.956 
  -4.      40.      14.58    54.516 
 -12.      48.      14.58    54.516 
  -8.      40.      14.58    32.076 
 -12.      40.      14.58     9.636 
 -10.      44.      13.14    19.272 
  -8.      44.      15.64    19.272 
 -10.      52.      15.64    64.68  
  -8.      48.      15.64    49.544 
 -12.      52.      15.64    49.544 
 -10.      48.      15.64    34.408 
 -12.      48.      15.64    19.272 
  -8.      44.      14.84    32.648 
  -8.      48.      14.84    59.4   
 -12.      52.      14.84    59.4   
 -10.      48.      14.84    46.024 
 -12.      48.      14.84    32.648 
 -10.      44.      14.84    19.272 
 -10.      48.      13.86    52.932 
  -8.      44.      13.86    41.712 
 -12.      48.      13.86    41.712 
 -10.      44.      13.86    30.492 
 -12.      44.      13.86    19.272 
  -2.      36.      18.14     0.    
  -6.      52.      18.14    90.816 
  -2.      44.      18.14    60.544 
 -10.      52.      18.14    60.544 
  -6.      44.      18.14    30.272 
 -10.      44.      18.14     0.    
  -2.      36.      16.54    26.752 
  -2.      44.      16.54    80.256 
 -10.      52.      16.54    80.256 
  -6.      44.      16.54    53.504 
 -10.      44.      16.54    26.752 
  -6.      36.      16.54     0.    
  -6.      44.      14.58    67.32  
  -2.      36.      14.58    44.88  
 -10.      44.      14.58    44.88  
  -6.      36.      14.58    22.44  
 -10.      36.      14.58     0.    
  -4.      36.      15.64     0.    
  -6.      44.      15.64    45.408 
  -4.      40.      15.64    30.272 
  -8.      44.      15.64    30.272 
  -6.      40.      15.64    15.136 
  -8.      40.      15.64     0.    
  -4.      36.      14.84    13.376 
  -4.      40.      14.84    40.128 
  -8.      44.      14.84    40.128 
  -6.      40.      14.84    26.752 
  -8.      40.      14.84    13.376 
  -6.      36.      14.84     0.    
  -6.      40.      13.86    33.66  
  -4.      36.      13.86    22.44  
  -8.      40.      13.86    22.44  
  -6.      36.      13.86    11.22  
  -8.      36.      13.86     0.    
  -4.      52.      20.64    90.816 
   0.      44.      20.64    60.544 
  -8.      52.      20.64    60.544 
  -4.      44.      20.64    30.272 
  -8.      44.      20.64     0.    
   0.      36.      19.04    26.752 
   0.      44.      19.04    80.256 
  -8.      52.      19.04    80.256 
  -4.      44.      19.04    53.504 
  -8.      44.      19.04    26.752 
  -4.      36.      19.04     0.    
  -4.      44.      17.08    67.32  
   0.      36.      17.08    44.88  
  -8.      44.      17.08    44.88  
  -4.      36.      17.08    22.44  
  -8.      36.      17.08     0.    
  -2.      44.      20.64    45.408 
   0.      40.      20.64    30.272 
  -4.      44.      20.64    30.272 
  -2.      40.      20.64    15.136 
  -4.      40.      20.64     0.    
   0.      36.      19.84    13.376 
   0.      40.      19.84    40.128 
  -4.      44.      19.84    40.128 
  -2.      40.      19.84    26.752 
  -4.      40.      19.84    13.376 
  -2.      36.      19.84     0.    
  -2.      40.      18.86    33.66  
   0.      36.      18.86    22.44  
  -4.      40.      18.86    22.44  
  -2.      36.      18.86    11.22  
  -4.      36.      18.86     0.    
  -2.      52.      20.64   105.952 
 -10.      60.      20.64   105.952 
  -6.      52.      20.64    75.68  
 -10.      52.      20.64    45.408 
  -2.      44.      19.04    72.16  
  -2.      52.      19.04   125.664 
 -10.      60.      19.04   125.664 
  -6.      52.      19.04    98.912 
 -10.      52.      19.04    72.16  
  -6.      44.      19.04    45.408 
  -6.      52.      17.08   112.728 
  -2.      44.      17.08    90.288 
 -10.      52.      17.08    90.288 
  -6.      44.      17.08    67.848 
 -10.      44.      17.08    45.408 
  -4.      56.      20.64   121.088 
  -8.      60.      20.64   121.088 
  -6.      56.      20.64   105.952 
  -8.      56.      20.64    90.816 
  -4.      52.      19.84   104.192 
  -4.      56.      19.84   130.944 
  -8.      60.      19.84   130.944 
  -6.      56.      19.84   117.568 
  -8.      56.      19.84   104.192 
  -6.      52.      19.84    90.816 
  -6.      56.      18.86   124.476 
  -4.      52.      18.86   113.256 
  -8.      56.      18.86   113.256 
  -6.      52.      18.86   102.036 
  -8.      52.      18.86    90.816 
  -8.      56.      20.64    90.816 
  -4.      48.      20.64    60.544 
  -8.      48.      20.64    30.272 
   0.      40.      19.04    57.024 
   0.      48.      19.04   110.528 
  -8.      56.      19.04   110.528 
  -4.      48.      19.04    83.776 
  -8.      48.      19.04    57.024 
  -4.      40.      19.04    30.272 
  -4.      48.      17.08    97.592 
   0.      40.      17.08    75.152 
  -8.      48.      17.08    75.152 
  -4.      40.      17.08    52.712 
  -8.      40.      17.08    30.272 
  -4.      52.      20.64    90.816 
  -2.      48.      20.64    75.68  
  -4.      48.      20.64    60.544 
   0.      44.      19.84    73.92  
   0.      48.      19.84   100.672 
  -4.      52.      19.84   100.672 
  -2.      48.      19.84    87.296 
  -4.      48.      19.84    73.92  
  -2.      44.      19.84    60.544 
  -2.      48.      18.86    94.204 
   0.      44.      18.86    82.984 
  -4.      48.      18.86    82.984 
  -2.      44.      18.86    71.764 
  -4.      44.      18.86    60.544 
  -8.      52.      20.64    60.544 
 -12.      52.      20.64    30.272 
  -4.      44.      19.04    57.024 
  -4.      52.      19.04   110.528 
 -12.      60.      19.04   110.528 
  -8.      52.      19.04    83.776 
 -12.      52.      19.04    57.024 
  -8.      44.      19.04    30.272 
  -8.      52.      17.08    97.592 
  -4.      44.      17.08    75.152 
 -12.      52.      17.08    75.152 
  -8.      44.      17.08    52.712 
 -12.      44.      17.08    30.272 
 -10.      56.      20.64    75.68  
 -12.      56.      20.64    60.544 
  -8.      52.      19.84    73.92  
  -8.      56.      19.84   100.672 
 -12.      60.      19.84   100.672 
 -10.      56.      19.84    87.296 
 -12.      56.      19.84    73.92  
 -10.      52.      19.84    60.544 
 -10.      56.      18.86    94.204 
  -8.      52.      18.86    82.984 
 -12.      56.      18.86    82.984 
 -10.      52.      18.86    71.764 
 -12.      52.      18.86    60.544 
 -10.      48.      20.64    15.136 
  -2.      40.      19.04    41.888 
  -2.      48.      19.04    95.392 
 -10.      56.      19.04    95.392 
  -6.      48.      19.04    68.64  
 -10.      48.      19.04    41.888 
  -6.      40.      19.04    15.136 
  -6.      48.      17.08    82.456 
  -2.      40.      17.08    60.016 
 -10.      48.      17.08    60.016 
  -6.      40.      17.08    37.576 
 -10.      40.      17.08    15.136 
  -8.      48.      20.64    30.272 
  -4.      44.      19.84    43.648 
  -4.      48.      19.84    70.4   
  -8.      52.      19.84    70.4   
  -6.      48.      19.84    57.024 
  -8.      48.      19.84    43.648 
  -6.      44.      19.84    30.272 
  -6.      48.      18.86    63.932 
  -4.      44.      18.86    52.712 
  -8.      48.      18.86    52.712 
  -6.      44.      18.86    41.492 
  -8.      44.      18.86    30.272 
  -4.      40.      19.04    26.752 
  -4.      48.      19.04    80.256 
 -12.      56.      19.04    80.256 
  -8.      48.      19.04    53.504 
 -12.      48.      19.04    26.752 
  -8.      40.      19.04     0.    
  -8.      48.      17.08    67.32  
  -4.      40.      17.08    44.88  
 -12.      48.      17.08    44.88  
  -8.      40.      17.08    22.44  
 -12.      40.      17.08     0.    
  -8.      44.      19.84    13.376 
  -8.      48.      19.84    40.128 
 -12.      52.      19.84    40.128 
 -10.      48.      19.84    26.752 
 -12.      48.      19.84    13.376 
 -10.      44.      19.84     0.    
 -10.      48.      18.86    33.66  
  -8.      44.      18.86    22.44  
 -12.      48.      18.86    22.44  
 -10.      44.      18.86    11.22  
 -12.      44.      18.86     0.    
   0.      44.      18.24    93.632 
  -8.      52.      18.24    93.632 
  -4.      44.      18.24    66.88  
  -8.      44.      18.24    40.128 
  -4.      36.      18.24    13.376 
  -4.      44.      16.28    80.696 
   0.      36.      16.28    58.256 
  -8.      44.      16.28    58.256 
  -4.      36.      16.28    35.816 
  -8.      36.      16.28    13.376 
   0.      40.      18.24    66.88  
  -4.      44.      18.24    66.88  
  -2.      40.      18.24    53.504 
  -4.      40.      18.24    40.128 
  -2.      36.      18.24    26.752 
  -2.      40.      17.26    60.412 
   0.      36.      17.26    49.192 
  -4.      40.      17.26    49.192 
  -2.      36.      17.26    37.972 
  -4.      36.      17.26    26.752 
  -8.      56.      18.24   120.384 
  -4.      48.      18.24    93.632 
  -8.      48.      18.24    66.88  
  -4.      40.      18.24    40.128 
  -4.      48.      16.28   107.448 
   0.      40.      16.28    85.008 
  -8.      48.      16.28    85.008 
  -4.      40.      16.28    62.568 
  -8.      40.      16.28    40.128 
  -4.      52.      18.24   120.384 
  -2.      48.      18.24   107.008 
  -4.      48.      18.24    93.632 
  -2.      44.      18.24    80.256 
  -2.      48.      17.26   113.916 
   0.      44.      17.26   102.696 
  -4.      48.      17.26   102.696 
  -2.      44.      17.26    91.476 
  -4.      44.      17.26    80.256 
  -8.      52.      18.24    93.632 
 -12.      52.      18.24    66.88  
  -8.      44.      18.24    40.128 
  -8.      52.      16.28   107.448 
  -4.      44.      16.28    85.008 
 -12.      52.      16.28    85.008 
  -8.      44.      16.28    62.568 
 -12.      44.      16.28    40.128 
 -10.      56.      18.24   107.008 
 -12.      56.      18.24    93.632 
 -10.      52.      18.24    80.256 
 -10.      56.      17.26   113.916 
  -8.      52.      17.26   102.696 
 -12.      56.      17.26   102.696 
 -10.      52.      17.26    91.476 
 -12.      52.      17.26    80.256 
 -10.      48.      18.24    53.504 
  -6.      40.      18.24    26.752 
  -6.      48.      16.28    94.072 
  -2.      40.      16.28    71.632 
 -10.      48.      16.28    71.632 
  -6.      40.      16.28    49.192 
 -10.      40.      16.28    26.752 
  -8.      48.      18.24    66.88  
  -6.      44.      18.24    53.504 
  -6.      48.      17.26    87.164 
  -4.      44.      17.26    75.944 
  -8.      48.      17.26    75.944 
  -6.      44.      17.26    64.724 
  -8.      44.      17.26    53.504 
  -8.      40.      18.24    13.376 
  -8.      48.      16.28    80.696 
  -4.      40.      16.28    58.256 
 -12.      48.      16.28    58.256 
  -8.      40.      16.28    35.816 
 -12.      40.      16.28    13.376 
 -10.      44.      18.24    26.752 
 -10.      48.      17.26    60.412 
  -8.      44.      17.26    49.192 
 -12.      48.      17.26    49.192 
 -10.      44.      17.26    37.972 
 -12.      44.      17.26    26.752 
  -6.      44.      16.28    67.32  
  -2.      36.      16.28    44.88  
 -10.      44.      16.28    44.88  
  -6.      36.      16.28    22.44  
 -10.      36.      16.28     0.    
  -6.      40.      17.26    33.66  
  -4.      36.      17.26    22.44  
  -8.      40.      17.26    22.44  
  -6.      36.      17.26    11.22  
  -8.      36.      17.26     0.    
  -2.      40.      15.3     78.54  
 -10.      48.      15.3     78.54  
  -6.      40.      15.3     56.1   
 -10.      40.      15.3     33.66  
  -4.      44.      15.3     89.76  
  -8.      48.      15.3     89.76  
  -6.      44.      15.3     78.54  
  -8.      44.      15.3     67.32  
  -8.      44.      15.3     67.32  
  -4.      36.      15.3     44.88  
  -8.      36.      15.3     22.44  
  -4.      40.      15.3     67.32  
  -2.      36.      15.3     56.1   
  -4.      36.      15.3     44.88  
  -8.      40.      15.3     44.88  
 -12.      40.      15.3     22.44  
 -10.      44.      15.3     56.1   
 -12.      44.      15.3     44.88  
 -10.      36.      15.3     11.22  
  -8.      36.      15.3     22.44  
