-2.619594 -2.86 -3.408445 -3.62 -3.586429
-3.77 -3.430559 -3.61 -3.208465 -3.3
-2.268229 -2.24 -1.086647 -1.05 -0.2753557
-0.27 -1.702362 -1.85 -2.373267 -2.49
-2.528679 -2.61 -2.428321 -2.48 -2.238906
-2.25 -1.513344 -1.5 -0.7077624 -0.7
-0.1869349 -0.18 -1.358563 -1.45 -1.623631
-1.74 -1.736394 -1.77 -1.654904 -1.68
-1.515711 -1.54 -1.039491 -1.05 -0.4950347
-0.5 -0.1296939 -0.14 -1.458199 -1.61
-2.146533 -2.25 -2.311568 -2.41 -2.266031
-2.33 -2.129577 -2.14 -1.471374 -1.47
-0.7228479 -0.71 -0.1914176 -0.19 -2.016802
-2.24 -2.687048 -2.84 -2.878101 -3
-2.765766 -2.86 -2.551003 -2.6 -1.742658
-1.71 -0.8245444 -0.79 -0.2070759 -0.2
-1.794124 -2.16 -2.960843 -3.24 -3.348083
-3.57 -3.302618 -3.47 -3.073678 -3.17
-2.136827 -2.07 -1.010612 -0.9 -0.2146354
-0.19 -1.644325 -1.86 -2.50161 -2.68
-2.769465 -2.89 -2.719951 -2.8 -2.559373
-2.57 -1.780191 -1.7 -0.8616485 -0.77
-0.2149501 -0.19 -3.399333 -3.83 -4.31853
-4.69 -4.516934 -4.84 -4.384262 -4.6
-3.959312 -4.08 -2.486473 -2.44 -1.047957
-0.98 -0.2211778 -0.21 -2.63205 -3.05
-3.654509 -3.97 -3.89072 -4.13 -3.760528
-3.92 -3.436729 -3.54 -2.350644 -2.29
-1.079295 -1.02 -0.2550923 -0.25 -2.611666
-2.87 -3.408517 -3.6 -3.552364 -3.7
-3.382473 -3.49 -3.083031 -3.15 -2.064772
-2.05 -0.9664865 -0.92 -0.2403263 -0.23
-1.519718 -1.66 -1.853356 -1.97 -1.889109
-1.99 -1.783707 -1.86 -1.607997 -1.67
-1.082663 -1.09 -0.5130567 -0.49 -0.1258172
-0.12 -0.9751658 -1.13 -1.503688 -1.63
-1.641596 -1.75 -1.580062 -1.68 -1.452848
-1.52 -0.97604 -0.98 -0.4619185 -0.42
-0.1056627 -0.1 -3.423707 -3.75 -3.916053
-4.21 -4.003305 -4.24 -3.850743 -4.05
-3.568364 -3.73 -2.591686 -2.63 -1.204116
-1.19 -0.2918655 -0.29
